56.694300000000005
95.0908
77.0409
94.7142
109.06299999999999
109.45
102.66799999999999
62.461000000000006
77.1767
86.60329999999999
54.2477
86.8394
90.3516
94.204
74.4053
85.9341
88.8368
94.70530000000001
98.79390000000001
109.673
75.34200000000001
86.3885
93.2232
106.109
114.973
73.3069
113.843
55.268299999999996
80.10000000000001
84.4115
79.14110000000001
86.1599
89.6845
103.712
92.8876
93.5065
90.9255
93.4981
102.81700000000001
83.5617
68.2709
81.6908
101.98899999999999
97.36200000000001
105.49300000000001
85.2756
79.1935
89.03750000000001
96.0981
51.3268
104.28099999999999
104.037
83.6218
102.358
104.909
117.101
94.6934
102.949
76.56309999999999
97.47840000000001
94.0129
81.51400000000001
62.8423
93.87719999999999
80.9752
110.57000000000001
78.9747
105.693
77.2346
53.6676
99.6153
92.0505
88.5184
90.36840000000001
86.5074
96.9565
95.8279
78.17639999999999
60.6825
88.9823
111.441
89.2415
104.78899999999999
99.17479999999999
96.0976
105.066
107.433
102.31
65.8479
107.515
76.78930000000001
104.075
100.649
107.663
101.093
89.8097
102.67800000000001
92.3014
84.5561
105.005
94.0212
107.961
85.2493
108.658
89.4951
99.6272
81.4895
84.00009999999999
62.287
118.524
71.4328
46.4526
95.747
93.6574
85.7314
122.85600000000001
96.7494
94.3425
116.341
62.1697
96.6382
100.73400000000001
76.36229999999999
80.9178
101.616
97.8845
112.342
92.0508
104.95100000000001
102.41799999999999
88.3765
93.0535
116.571
88.1188
77.62049999999999
106.579
84.3496
90.8661
73.324
112.376
73.291
112.881
100.18599999999999
85.75720000000001
113.365
60.600899999999996
104.47099999999999
101.623
100.919
83.3587
99.54440000000001
102.217
87.2184
111.108
99.7237
95.0505
87.5567
91.1785
102.198
99.1908
112.196
80.88130000000001
90.7238
67.68440000000001
109.629
102.93299999999999
57.6465
101.804
43.7819
90.4845
88.5022
92.08139999999999
86.5857
87.2885
76.89999999999999
139.896
84.85810000000001
91.19539999999999
97.2344
86.3339
95.0543
94.197
106.74799999999999
98.193
76.3339
81.7353
80.5499
98.12010000000001
112.497
81.61
97.3955
80.9968
109.618
76.1211
101.50399999999999
93.3388
76.7637
94.32260000000001
87.2844
106.131
98.52619999999999
90.4755
111.291
88.8734
99.0667
120.34100000000001
102.06099999999999
97.7073
107.469
98.1297
107.99000000000001
100.90599999999999
106.029
112.75699999999999
92.12349999999999
83.76350000000001
75.4157
105.77799999999999
84.9383
113.872
91.27380000000001
114.126
81.4221
104.821
81.8807
66.5734
81.0657
83.33500000000001
83.5674
69.8086
85.1464
85.4881
88.2085
90.362
102.338
36.4503
62.3652
90.1454
87.30930000000001
93.2144
103.57
108.765
96.5499
82.5023
116.802
87.9278
102.352
105.104
117.52799999999999
107.539
121.819
96.0899
94.99549999999999
83.1799
93.73140000000001
85.26490000000001
56.578
88.2558
90.92949999999999
99.5978
90.1207
109.336
101.021
102.269
66.8945
84.3904
80.8528
94.65270000000001
96.1803
73.4953
113.766
115.142
95.16460000000001
92.04469999999999
103.997
56.2564
83.7698
94.6284
88.2047
101.55699999999999
101.55699999999999
98.6573
84.4456
100.92
91.6369
100.955
91.5851
86.5775
92.7654
102.894
76.0827
78.6757
80.7745
97.7517
77.8228
93.9726
123.969
94.5683
121.171
76.9996
97.11500000000001
66.5047
88.2324
86.7589
65.9114
79.2239
87.3889
90.3243
100.887
92.2735
85.0627
97.7053
106.033
116.227
96.672
96.4671
71.2511
96.5126
41.5867
79.1969
77.9761
109.91
92.6978
91.7731
100.994
83.3541
117.38600000000001
119.349
109.013
109.599
90.7265
81.8672
100.449
104.43299999999999
103.21900000000001
102.672
83.2589
82.7194
66.768
71.63759999999999
108.85400000000001
85.3254
95.3204
88.4846
80.0593
113.90400000000001
94.64970000000001
126.40299999999999
49.806999999999995
100.898
106.46600000000001
87.7829
103.34500000000001
99.0335
101.038
87.7131
113.598
117.59100000000001
105.49600000000001
95.1524
48.1003
81.87039999999999
85.4674
91.0048
70.19369999999999
76.128
104.267
108.34
112.814
87.05359999999999
88.07639999999999
92.35839999999999
64.1695
91.9551
118.27699999999999
88.6698
119.684
97.4279
45.719500000000004
105.026
100.497
64.8373
72.8849
109.53999999999999
121.009
86.8185
111.679
103.63
82.1536
99.8162
50.5398
119.05399999999999
84.9489
105.08099999999999
101.86
77.8737
99.2387
92.631
91.3418
71.602
