19.8311
33.1034
11.833400000000001
34.7154
52.466499999999996
52.561
44.1179
16.8717
16.7175
24.5164
21.1443
26.986
33.3019
32.0388
11.8834
24.1998
24.8708
35.7212
38.4565
52.877100000000006
11.4467
26.0357
33.989
49.7175
59.8575
12.192400000000001
57.9213
20.2394
16.860799999999998
19.999
15.1518
25.0419
26.5211
45.0326
37.1203
31.1583
31.746000000000002
33.5384
45.495599999999996
22.642300000000002
14.4384
16.3414
42.0486
40.2986
47.5709
22.6155
20.935
40.6845
34.795899999999996
22.587699999999998
45.0272
44.9962
23.0718
42.516999999999996
45.8457
62.200900000000004
32.6988
43.1169
20.4698
39.6645
31.925299999999996
16.9545
16.6698
36.7152
19.423
53.3493
13.7514
47.8294
12.22
21.1351
42.8954
29.8663
25.1651
26.813
30.9564
35.3337
35.0375
20.9614
17.653499999999998
29.5439
54.574200000000005
25.4191
46.004799999999996
38.8659
36.6414
46.1708
48.8697
42.4212
15.480300000000002
48.9823
15.983299999999998
45.6828
39.9338
50.2508
40.6207
30.774800000000003
43.371100000000006
33.0117
21.253600000000002
49.3807
35.82020000000001
50.24
22.008300000000002
51.7001
26.8596
44.4444
19.0976
22.7985
16.8089
62.782000000000004
13.5552
26.1011
35.316399999999994
31.575100000000003
33.080999999999996
66.0658
34.9933
36.6406
62.3661
16.915599999999998
36.5291
43.634
14.0785
15.6986
41.645
36.420700000000004
55.8045
31.295499999999997
45.9752
43.9651
31.8325
32.4803
60.6931
24.7514
13.0493
47.900999999999996
26.984
27.525000000000002
12.923
56.11
12.1799
56.571999999999996
39.432500000000005
21.8328
57.545
17.7174
46.7597
41.3208
42.423700000000004
19.4926
38.3653
42.113699999999994
24.0028
54.056
41.515
34.6629
26.1564
30.5484
42.0499
38.8751
55.6162
19.6298
27.5066
14.6699
52.2492
43.336800000000004
19.272100000000002
41.5954
47.315999999999995
32.2506
27.136
29.5101
25.349300000000003
31.5712
18.784200000000002
53.682599999999994
25.476399999999998
28.4054
35.5578
26.7938
33.2659
35.1351
49.415
37.2187
12.2345
23.2092
24.7931
36.911
61.8429
20.6049
35.7313
18.5936
51.9538
12.5725
42.469500000000004
32.4552
12.3232
39.7113
25.1516
47.5624
41.6759
27.5772
54.607099999999996
30.282799999999998
37.786300000000004
64.41969999999999
46.4672
36.6319
49.0022
37.6588
50.1321
41.9323
47.2932
56.916000000000004
31.507599999999996
19.0976
11.7242
49.05459999999999
21.5873
57.8175
27.9957
57.9762
28.2816
45.7901
18.066100000000002
14.5898
23.479300000000002
22.1576
22.983300000000003
14.0845
22.6429
23.144000000000002
24.9895
31.602199999999996
42.5339
40.2893
16.9281
27.682499999999997
23.357200000000002
32.025999999999996
44.796
50.7417
34.804700000000004
19.895599999999998
61.0044
29.566399999999998
44.068999999999996
46.4713
62.850699999999996
49.116800000000005
65.6673
35.4656
35.225300000000004
25.699199999999998
31.995900000000002
21.8412
19.6679
30.559
27.872799999999998
38.661
29.309
52.539
40.5518
45.5854
15.2272
23.0732
17.5739
37.5133
36.5001
13.0103
57.5733
59.121
33.217499999999994
34.399
45.015899999999995
19.9069
20.8343
37.062400000000004
30.523999999999997
41.119
41.3279
37.5131
22.386300000000002
43.1686
32.970600000000005
42.3542
29.3778
34.5145
31.4387
43.4487
21.2241
22.0552
17.6704
37.288599999999995
24.828200000000002
40.2558
66.5506
35.2547
64.9298
15.843800000000002
36.537
15.3355
26.543
23.4465
15.6249
15.304
25.7677
27.2759
43.009100000000004
30.8902
26.6717
40.3646
47.1791
60.39
35.1212
35.8809
13.4177
37.013
27.9367
16.9184
12.5854
55.402300000000004
33.925999999999995
29.5613
40.3733
20.3169
61.800599999999996
63.4984
51.1395
51.8489
30.5128
25.5897
45.1734
48.5681
43.5058
43.5042
18.3763
23.3062
15.2659
12.7765
50.9119
21.301299999999998
34.4442
25.468500000000002
18.5416
58.9139
32.6723
66.7854
24.1986
45.7408
49.724
28.800099999999997
44.2719
39.511900000000004
45.3847
32.278099999999995
58.8223
62.0417
46.5854
36.4882
23.040000000000003
20.4061
21.8265
27.705299999999998
13.5474
12.9002
45.6498
52.0442
56.8604
25.674599999999998
32.072
34.7931
16.1429
28.8418
63.7736
27.7892
64.27929999999999
35.9596
25.819499999999998
46.8091
39.7556
15.896600000000001
13.793700000000001
56.3961
64.8225
25.1672
55.1599
44.3487
20.0839
38.8519
21.7817
63.6284
25.1921
50.4521
41.6484
20.180500000000002
38.5688
32.809
30.3762
13.3156
