29.7832
69.21969999999999
50.4033
70.49900000000001
86.4957
85.8362
78.3712
40.4957
53.8114
61.542100000000005
29.1581
63.34239999999999
68.4041
68.3079
48.0067
61.1279
62.175000000000004
71.17
73.8035
86.1071
48.5456
62.66589999999999
69.685
83.0034
92.4537
46.73009999999999
91.4999
32.5432
54.579
57.7737
53.1778
61.7804
63.62420000000001
79.1625
71.6026
67.5318
67.5504
69.3637
79.4798
59.459900000000005
43.342800000000004
54.817699999999995
76.85029999999999
74.7816
81.5647
60.031099999999995
57.2204
72.1413
70.5732
27.7846
79.3481
79.4584
59.8035
77.3077
80.0244
95.0964
68.8759
77.796
56.090599999999995
74.48910000000001
68.2128
54.9524
38.1513
71.575
56.7403
86.9217
52.286300000000004
81.8145
50.7308
30.7595
76.9311
66.4063
62.4448
63.8832
65.76419999999999
71.0367
70.8319
56.8318
37.4444
65.5287
87.6676
62.6699
80.0649
74.1348
72.0672
80.22930000000001
82.9559
77.17269999999999
42.534299999999995
82.97250000000001
53.2172
79.7403
75.13680000000001
83.7171
75.7529
66.59819999999999
77.97
68.7793
58.6962
82.49810000000001
70.9808
83.77629999999999
59.4434
85.0392
63.7625
78.1251
56.5296
59.6945
35.7543
96.6743
47.7951
26.1527
71.101
67.9068
66.709
101.828
70.79530000000001
71.5998
94.9705
35.7587
72.15259999999999
77.6659
51.7025
54.1542
76.50120000000001
72.0201
88.7385
67.33749999999999
80.2085
78.2199
66.8661
68.3729
94.07509999999999
62.0787
51.3734
82.02
62.69089999999999
64.5056
49.2996
88.9486
46.6155
89.7916
74.769
59.2949
90.3559
35.752199999999995
80.7478
76.2806
76.9729
57.1587
73.852
76.9298
61.397800000000004
87.3358
76.14410000000001
70.4687
62.9055
66.66550000000001
76.8643
74.14450000000001
88.539
56.8369
64.4913
42.827
86.021
77.96029999999999
31.4156
76.46039999999999
38.986399999999996
67.8353
63.8774
66.2936
62.093799999999995
66.4143
55.172
111.853
61.8533
65.18849999999999
71.26140000000001
63.0689
69.2859
70.6994
82.99289999999999
72.8728
50.386
59.463
60.0987
72.618
93.4235
57.6703
71.3934
56.032
85.5896
50.6256
77.15329999999999
68.3565
50.6306
73.5709
62.108999999999995
81.6017
75.8645
64.4619
88.0478
66.05160000000001
73.363
98.83200000000001
80.0757
72.3601
83.1045
73.18230000000001
83.72290000000001
76.6781
81.3431
89.6701
67.47699999999999
56.9367
49.397200000000005
82.54899999999999
59.0244
91.2969
64.90360000000001
91.31190000000001
62.4592
79.91080000000001
55.86
39.526199999999996
59.4343
59.1222
59.725699999999996
46.2787
60.0273
60.432100000000005
62.2804
67.34750000000001
77.2681
30.0885
38.5467
64.4666
60.7153
68.076
78.98769999999999
84.3633
70.60249999999999
57.3375
94.28739999999999
65.338
78.2569
80.5207
95.85159999999999
83.20230000000001
100.672
71.2469
70.9385
61.5089
68.2022
59.272
33.2328
66.11540000000001
64.7955
74.0956
65.6575
86.5009
75.6971
79.4892
44.9445
59.9812
55.237700000000004
72.3477
72.0074
50.2161
90.87299999999999
92.0988
69.2856
69.5747
79.2294
31.9477
58.2831
71.9786
66.07770000000001
76.1431
76.2313
73.1315
59.6735
77.36919999999999
68.61200000000001
76.94529999999999
65.97500000000001
67.9354
67.61749999999999
78.0498
56.3998
57.816199999999995
55.266000000000005
72.8771
58.9938
73.8172
103.18299999999999
70.8681
99.9603
53.147800000000004
72.26530000000001
44.290000000000006
63.2989
60.8614
44.9139
53.3121
62.5255
64.24340000000001
77.27489999999999
67.1682
62.64
74.9238
81.2394
93.9602
70.853
71.6486
46.3779
72.3869
30.6256
54.3639
51.1485
87.75410000000001
69.5197
66.1376
75.5172
57.7723
95.0333
97.8237
84.7868
85.4233
66.5166
61.0466
78.8121
81.893
78.141
78.0405
56.52
59.8262
44.7694
44.979699999999994
84.5807
58.848
70.25869999999999
62.6523
55.8817
91.47800000000001
68.8473
105.787
23.4487
79.2885
83.1033
64.7539
78.643
74.5267
79.1139
67.04390000000001
91.32300000000001
95.2906
80.64240000000001
71.706
31.0434
57.6371
59.243700000000004
64.6684
44.6043
50.8884
79.7152
85.2305
89.6476
62.425000000000004
66.9767
69.8934
40.876000000000005
65.68169999999999
97.1151
64.3651
98.2103
71.66709999999999
28.7847
80.8335
75.00070000000001
41.752900000000004
50.5204
88.4597
99.7471
61.9369
88.0458
78.9191
57.4765
74.2605
33.22110000000001
97.3036
61.7095
83.4175
76.50609999999999
56.297
74.05290000000001
68.65090000000001
66.6157
46.8559
