118.128
156.644
140.764
139.87800000000001
200.55100000000002
159.838
150.501
96.3661
115.053
134.85
100.31400000000001
125.96499999999999
123.12299999999999
155.35999999999999
132.89100000000002
131.697
156.85299999999998
135.71099999999998
152.209
159.895
138.58
126.553
133.936
148.727
162.278
132.82399999999998
195.022
92.7451
130.022
150.447
132.131
129.114
151.194
154.35999999999999
123.845
155.295
130.31799999999998
137.786
144.88400000000001
124.516
113.013
160.755
159.112
133.69500000000002
153.576
134.91
112.139
108.084
150.537
92.0764
167.03799999999998
181.249
123.407
179.07799999999997
170.60500000000002
166.17000000000002
154.348
170.863
104.991
135.98399999999998
152.665
142.68
106.739
128.619
123.77499999999999
181.112
145.81
153.725
137.95499999999998
91.9841
136.951
146.619
148.364
160.778
115.074
157.222
146.407
108.61800000000001
98.48360000000001
128.39700000000002
169.928
156.804
158.84599999999998
153.348
140.02700000000002
161.756
174.981
160.403
103.797
169.473
115.882
152.985
167.518
158.297
175.474
128.225
156.933
132.70499999999998
138.483
143.334
131.89000000000001
161.81699999999998
139.466
157.69
144.311
133.073
127.93299999999999
126.20600000000002
119.259
191.609
109.902
96.2707
144.318
151.053
109.888
179.49599999999998
163.639
130.909
157.78
116.94200000000001
144.108
140.14499999999998
120.575
151.642
157.50300000000001
170.44400000000002
172.54500000000002
138.22899999999998
178.125
149.251
119.483
139.541
184.568
147.11599999999999
134.75799999999998
176.18200000000002
116.477
160.155
113.553
168.636
133.531
184.59300000000002
174.981
145.791
164.74
105.06500000000001
150.033
164.917
145.74699999999999
139.838
166.762
174.563
143.15800000000002
173.073
141.823
142.676
132.393
135.999
172.09
153.494
171.784
122.245
156.639
112.013
187.201
161.161
112.33
163.056
80.66929999999999
126.92
133.51
178.834
130.245
116.31099999999999
109.059
231.496
121.762
149.785
164.805
124.39699999999999
152.65
134.917
154.729
154.297
128.42000000000002
115.72399999999999
108.724
155.861
140.74
121.997
163.441
127.37299999999999
180.87900000000002
124.80499999999999
150.356
141.523
132.192
123.928
136.464
160.709
135.276
148.79700000000003
187.17000000000002
125.51
162.73000000000002
184.518
137.77
153.20600000000002
177.792
150.944
163.161
148.291
163.109
163.529
137.844
153.727
130.09
149.449
139.53199999999998
190.73000000000002
166.879
185.886
105.625
163.736
136.316
133.40099999999998
112.538
125.09400000000001
123.422
107.938
133.927
133.95499999999998
146.304
128.124
159.762
85.7707
101.733
144.647
150.455
142.69299999999998
154.81900000000002
173.221
158.51100000000002
130.61
180.644
123.556
148.16299999999998
158.04999999999998
163.304
178.318
173.22299999999998
146.06199999999998
138.94400000000002
115.105
147.541
140.66799999999998
95.34349999999999
122.49
154.881
161.373
134.579
196.81199999999998
176.12800000000001
141.61599999999999
100.09899999999999
127.267
131.539
129.581
140.963
111.148
184.568
172.255
172.702
127.079
158.635
98.63810000000001
134.85
130.895
122.379
168.346
160.93699999999998
157.919
130.76399999999998
142.599
129.75400000000002
146.361
145.43900000000002
109.829
142.318
159.584
102.475
108.069
130.62099999999998
149.665
101.825
121.857
192.29399999999998
136.368
200.11399999999998
117.44
148.24200000000002
100.521
134.988
143.05
96.6757
131.819
133.396
151.661
142.99200000000002
141.445
119.548
135.017
166.722
191.615
154.749
146.69299999999998
115.479
141.098
80.6519
124.38000000000001
144.921
149.347
131.662
146.041
169.383
134.806
178.27
191.771
179.459
177.37800000000001
133.72500000000002
111.196
134.487
143.123
172.328
155.329
164.465
119.07900000000001
100.126
130.915
178.58599999999998
145.732
145.748
144.633
122.568
158.59799999999998
153.801
197.857
110.842
134.719
151.40300000000002
125.056
156.982
146.83599999999998
136.548
116.26100000000001
156.809
177.77599999999998
164.53300000000002
135.49800000000002
78.70620000000001
124.351
142.671
160.321
120.467
123.49000000000001
155.366
152.771
165.009
131.596
117.848
127.359
102.07900000000001
163.336
161.86100000000002
132.079
171.913
156.531
86.3116
154.233
171.803
101.869
106.659
143.816
197.359
132.775
166.97400000000002
179.003
127.48799999999999
163.789
80.00259999999999
171.58100000000002
122.83800000000001
140.503
164.244
109.404
180.16299999999998
135.71099999999998
137.589
115.4
