16.678700000000003
45.316
24.87
46.7252
64.4191
64.101
55.5723
18.2019
29.000600000000002
36.8296
19.2255
39.205200000000005
45.051500000000004
44.39040000000001
22.4181
36.448800000000006
37.7995
47.5255
50.357800000000005
64.3663
23.0085
38.350500000000004
45.9216
61.0621
71.5698
21.093600000000002
69.6459
19.992900000000002
29.4675
32.861799999999995
27.9666
37.2868
39.028
56.5674
48.7652
43.6427
43.5846
45.4978
56.9617
34.8617
17.8818
29.633699999999997
54.0432
51.856399999999994
59.1191
35.2055
33.012600000000006
51.4571
46.9228
21.091700000000003
56.704499999999996
56.8216
35.2399
54.7466
57.5986
74.14450000000001
44.921
55.1532
32.5521
51.405
44.227500000000006
29.921799999999998
16.7075
48.3391
31.8359
65.11309999999999
26.7717
59.3675
25.1357
20.4833
54.1634
42.3163
37.8217
39.516799999999996
42.653200000000005
47.5563
47.145199999999996
33.050999999999995
18.1332
41.4754
65.98859999999999
38.2667
57.6581
50.7711
48.4217
57.8677
60.652699999999996
54.3824
17.4033
60.6615
28.223399999999998
57.2481
52.0431
61.7561
52.8391
42.5632
55.089
44.922
33.8112
60.6368
47.504400000000004
61.782999999999994
34.6186
63.306799999999996
39.2743
55.7164
31.4918
35.0625
15.3529
75.037
22.9256
22.2014
47.381600000000006
43.8898
44.534499999999994
79.4298
47.2465
48.2765
74.2308
15.6344
48.463
54.9431
26.639699999999998
28.8769
53.6691
48.8415
67.2946
43.280699999999996
57.8046
55.4014
43.5847
44.388
72.70400000000001
37.438399999999994
25.9131
59.7628
38.8372
40.1098
24.3621
67.56819999999999
20.9786
68.2098
51.5871
34.4833
68.98849999999999
17.2723
58.275800000000004
53.5222
54.0017
32.112899999999996
50.5283
54.3632
36.686299999999996
65.6079
53.1305
46.718799999999995
38.478199999999994
42.5798
54.2789
50.782399999999996
67.0902
32.0557
40.055800000000005
17.3752
64.19669999999999
55.1584
17.0322
53.7443
43.21789999999999
44.1109
39.5261
42.3277
37.6145
43.262
30.8646
74.71650000000001
37.7348
40.9755
47.8596
38.9846
45.3518
47.0246
60.8598
49.3205
25.0193
35.3825
36.5933
49.112500000000004
73.4183
33.0144
48.0349
30.958
63.848299999999995
25.3128
54.1724
44.3723
25.1226
50.997800000000005
37.4429
59.2432
53.047999999999995
40.0751
66.2086
42.048700000000004
49.9846
77.1201
57.732899999999994
48.7999
60.7924
49.5853
61.6966
53.6693
59.0257
68.34320000000001
43.446600000000004
32.155499999999996
23.8072
60.4127
34.171600000000005
69.5291
40.6482
69.6554
39.8588
57.478
30.7439
13.4777
35.6471
34.4775
35.153499999999994
21.352
35.213
35.6481
37.6122
43.4313
54.4619
34.305299999999995
17.435
40.161500000000004
36.1469
44.0325
56.3194
62.4449
47.0028
32.3408
73.0109
41.321799999999996
55.4893
58.151300000000006
74.8916
60.8888
78.8345
47.556599999999996
47.1923
37.6801
44.1492
34.4482
19.3402
42.340500000000006
40.4382
50.696600000000004
41.4822
64.5029
52.7665
56.980000000000004
20.3536
35.3358
30.151
49.1881
48.3352
25.3001
69.2448
70.8674
45.7049
46.125600000000006
56.595
18.936899999999998
33.3489
48.7103
42.304
53.3435
53.4649
49.6541
34.8909
54.5162
44.8717
53.9626
41.854
45.9732
43.5277
55.215599999999995
33.1536
34.191199999999995
30.2049
49.2515
36.43770000000001
51.373200000000004
80.2098
47.1703
77.81490000000001
28.1113
48.5989
19.6594
38.896300000000004
36.1642
20.7921
28.105999999999998
38.0633
39.7709
54.3982
43.0383
38.6982
51.9561
58.9709
72.4151
47.3072
47.9641
20.9923
48.7885
25.8975
29.3204
25.673000000000002
66.53349999999999
45.8181
42.0361
52.5351
32.7998
73.8043
75.93759999999999
62.929
63.7099
42.475699999999996
37.4028
56.434400000000004
59.8193
55.4968
55.1586
31.667
35.4694
20.1718
19.209799999999998
62.6703
33.9169
46.509
37.957499999999996
30.9055
70.4979
44.8849
81.6398
19.557000000000002
56.9734
61.0993
40.7242
55.8301
51.4116
56.68
43.907000000000004
70.36630000000001
74.07679999999999
58.3431
48.198499999999996
23.9302
32.8684
34.445499999999996
40.2959
18.956500000000002
25.6043
57.239
63.482200000000006
68.3134
37.9623
43.7708
46.455200000000005
17.1418
41.5456
76.1647
40.099500000000006
76.89989999999999
48.2153
23.679599999999997
58.4061
51.876400000000004
17.0973
25.9683
67.3919
77.6701
37.4206
66.55890000000001
56.2699
32.535599999999995
50.913
23.1162
76.0332
37.4587
61.729
53.8114
32.2369
50.8662
44.7181
42.484500000000004
21.4997
