6.04803052084435e-09
1.3146651545170585e-09
2.3322335174214004e-09
3.7061829161189053e-09
9.97192398100033e-11
1.4512360202445507e-09
2.258449649517047e-09
3.187730257536714e-08
1.2020201722862112e-08
4.264525621522353e-09
1.909516633702424e-08
7.422400916112792e-09
9.460491057211584e-09
1.3979152280185758e-09
3.6242393530727668e-09
5.1075312867965295e-09
1.1080479866976134e-09
4.777859885507496e-09
1.886852007970674e-09
1.4514416335487113e-09
2.5679827153624046e-09
7.084735020868038e-09
5.1667914391373415e-09
2.6790138996091173e-09
1.3675632848375585e-09
3.541484883129442e-09
1.6768171573477986e-10
3.668212755769673e-08
4.981808299220347e-09
1.5014156584669536e-09
4.252848739838555e-09
6.012739639515985e-09
1.636543456307038e-09
1.8208041741019088e-09
9.481949447831539e-09
1.3821923605661368e-09
6.157889753666268e-09
4.113459350918447e-09
3.1828406577005808e-09
7.580366556680929e-09
1.1231704455383351e-08
6.986621836624352e-10
1.3131963294554794e-09
5.654351653561207e-09
1.9747397050906557e-09
4.121115892985472e-09
1.5121120355843232e-08
2.3574290963779276e-08
1.969724161554609e-09
3.5247289531525894e-08
8.41943514906518e-10
3.3432120960519285e-10
8.132971629493113e-09
3.6928041180495086e-10
6.817448827689532e-10
1.1182357262384812e-09
1.5053273072496154e-09
6.408971131577346e-10
2.2914697694886854e-08
4.938295550260818e-09
1.6481183084948725e-09
2.304014756759898e-09
1.5006111908633102e-08
7.216587327718571e-09
7.530033485636523e-09
3.938175063833427e-10
1.7648505989953378e-09
1.964398865794692e-09
2.804842580417244e-09
3.773410384155795e-08
4.843102807683408e-09
2.302729118497382e-09
1.903808666270379e-09
8.935936990361881e-10
1.4442378848400494e-08
1.3207970273043657e-09
2.5349342624991777e-09
1.8588856676160503e-08
2.583359126617779e-08
6.67490063221976e-09
8.105626170262781e-10
1.1238976416194646e-09
1.4122392144599871e-09
1.7723310596906572e-09
3.7729539492659114e-09
1.1872240968102687e-09
5.438263173118685e-10
1.2202144850093077e-09
1.9748465973634666e-08
7.711036809077143e-10
1.1322299542371184e-08
1.9926438277195757e-09
7.500515764036209e-10
1.5438439415760286e-09
4.524409458195322e-10
6.849688816146227e-09
1.5266515829281957e-09
5.468463459834538e-09
3.2368083768830047e-09
3.62781382712285e-09
5.939306824132018e-09
1.2513965419458373e-09
3.093159284262015e-09
1.6309303907391381e-09
2.513596886188907e-09
6.1181673061128095e-09
5.8614326725603405e-09
6.885500170028536e-09
6.461358559306518e-09
2.3225160683537638e-10
1.48029366542346e-08
2.1218490076080343e-08
2.882383443036929e-09
1.8086177000498083e-09
1.9813397145185263e-08
5.349540255217278e-10
8.758660463570322e-10
6.335099556054047e-09
1.826730322562753e-09
7.493542675263143e-09
2.9710549576122958e-09
4.077734150342849e-09
8.33071212014147e-09
1.266100113639368e-09
1.4399151870847504e-09
5.799803970418793e-10
7.012929126304357e-10
3.878810606039451e-09
4.2009051792746277e-10
2.4250339514253483e-09
1.1400867805377857e-08
3.654488045512494e-09
3.543159654562089e-10
2.0411647927431886e-09
3.480359334062655e-09
4.947577902925104e-10
1.2732915166679959e-08
9.440993542497722e-10
1.2173103414170328e-08
8.939107232208698e-10
3.3804881116594743e-09
3.3017233391774425e-10
4.56113868896324e-10
2.0913148990331365e-09
1.1504078800683715e-09
1.5958599774990034e-08
2.402577914395465e-09
9.078423013342274e-10
2.9178077731728536e-09
2.8819426844961527e-09
7.656401068700802e-10
4.953055188217093e-10
2.5667419301100836e-09
6.631815652191619e-10
3.6189913288353637e-09
3.1430764657613963e-09
5.057667618046935e-09
4.371055517538025e-09
5.815407599918387e-10
1.7570774835107272e-09
7.331243945252197e-10
8.267053708266303e-09
1.183198206078373e-09
1.1821686740631776e-08
2.578413316189909e-10
1.1804659472147705e-09
9.0736858027185e-09
1.0238068171020132e-09
1.9909393245143292e-07
7.52672502102314e-09
4.81407047558946e-09
2.7625920995255626e-10
5.65813440545071e-09
1.35738362772031e-08
1.7604715907282298e-08
1.6488489393284844e-11
9.261844624575133e-09
1.852115794065412e-09
8.220351621623934e-10
8.100893289508804e-09
1.6869223795623611e-09
4.963617961095679e-09
1.885788414313083e-09
1.6332852847966706e-09
5.046158602084461e-09
1.2679437944029814e-08
1.9350633095882586e-08
1.4781761370485924e-09
4.7384838275377206e-09
8.5214857392657e-09
9.001660528085154e-10
6.006211528131189e-09
3.9072489688152245e-10
6.312188993717882e-09
2.2309303293610583e-09
3.2508931102626093e-09
4.012641774409076e-09
9.691189184479754e-09
3.913862567372917e-09
1.2918800473826764e-09
5.251636903125245e-09
1.9370871573443083e-09
2.6930130347935233e-10
7.946996838370524e-09
9.792655575324716e-10
3.783907631671468e-10
4.815348564335409e-09
1.7292821619108167e-09
4.5455758601598006e-10
2.0125092703437986e-09
1.1526891663393712e-09
2.501295837120665e-09
1.1123398868662093e-09
1.2263201565332338e-09
3.97919119876633e-09
1.1916907460829407e-09
4.443834189515883e-09
2.5515869417347403e-09
3.056171093973603e-09
2.246811070527599e-10
6.116836481773191e-10
3.109539847834242e-10
2.411686139680569e-08
1.045561637269543e-09
3.4781655333659955e-09
2.859419812040187e-09
1.5290948951474093e-08
7.278578628699961e-09
8.115637051275826e-09
1.6268735691937763e-08
4.372649797801387e-09
4.401042197343941e-09
2.154649347829718e-09
6.9670340607785874e-09
1.2709939767319156e-09
3.110044488607855e-08
2.105216267977994e-08
2.5006610115951844e-09
1.6120793588925153e-09
3.0139668538708975e-09
1.7659962381344485e-09
6.254485263035292e-10
1.2070343613501677e-09
5.073318209980471e-09
4.5656026181895015e-10
8.801986695061714e-09
2.5870006137296286e-09
1.4915526591607886e-09
1.3352552397094541e-09
4.400328434961409e-10
7.756938424918758e-10
2.605425430957098e-09
3.943017468088783e-09
1.3550086386260318e-08
2.253736974822118e-09
2.8660560591475814e-09
3.011782823136855e-08
9.469939499240354e-09
1.3332253079312295e-09
1.081342460018675e-09
4.664596264802867e-09
1.318866960087206e-10
4.3242417979705294e-10
3.8388665579702774e-09
2.634089213415791e-08
6.4984364556153196e-09
4.604745917902164e-09
6.903133176194842e-09
3.567531825510173e-09
1.4297101280646984e-08
3.3650857100830933e-10
7.479190045067696e-10
4.644995499347715e-10
7.667930290722325e-09
1.4096883660386084e-09
2.2862687742986054e-08
4.002725706442334e-09
6.3728937682583364e-09
9.52548351307314e-09
7.27970073111095e-10
1.1623033646657177e-09
1.3151351119233823e-09
5.248628198728511e-09
3.5280758314826244e-09
6.4654108733464e-09
2.8134976570726167e-09
2.4539281717750328e-09
2.0187952642913842e-08
3.0547038232242585e-09
1.3018669475783895e-09
2.696246959033033e-08
1.948111538752073e-08
4.874175285607407e-09
2.16114481865759e-09
2.917820829395623e-08
1.0924765980746542e-08
2.416222777412713e-10
4.5758734579237625e-09
1.3679599120131058e-10
1.031315477462158e-08
2.3277659799703088e-09
2.5326611918785602e-08
4.3721026798948515e-09
2.5567812311777516e-09
3.358078970450151e-08
4.3464827292893915e-09
4.739411973986307e-09
1.6122542190188938e-09
3.4432250384242025e-09
3.1905362796180725e-09
1.0665715421964705e-08
5.254237933627337e-09
8.891573033409372e-10
2.2215881911868962e-10
1.5326095947898466e-09
2.5263982017520448e-09
1.0257100946375886e-08
3.5627609751287537e-09
8.814823360125956e-08
6.965155119331712e-09
1.8185476458043581e-09
2.7424533755038283e-09
5.876680475580542e-09
2.3731712150976136e-09
6.7112138069092e-10
3.974975459897223e-09
5.352823739812607e-10
2.3333152077142927e-10
4.2226436236525444e-10
4.89292217853432e-10
4.982593004854152e-09
1.6913293876541502e-08
5.7006350751009904e-09
3.640700851903489e-09
5.870236519101013e-10
1.6838794802964685e-09
5.694514859655442e-10
1.0477753775717247e-08
2.621836969751712e-08
3.8367367061198365e-09
4.4507328378351474e-10
2.0764798769334902e-09
2.6111908191239763e-09
2.4059738645831885e-09
7.968017357029566e-09
1.6776153799469284e-09
1.5562873212360273e-09
1.7227261284169515e-10
8.185326194620757e-09
5.662657898142243e-09
2.2961217371886278e-09
8.00414223789403e-09
1.5410417386618747e-09
2.638194995796539e-09
5.0934505502198135e-09
1.372391267295825e-08
1.8584300764956652e-09
5.539718128666493e-10
1.0081254719906951e-09
4.880383208671901e-09
1.2264101201253652e-07
7.398937462710364e-09
2.53512055792271e-09
9.37520061583541e-10
7.26318027943762e-09
6.863142942847844e-09
1.7300612054071962e-09
2.1800981020447807e-09
1.122316573010096e-09
5.2573496667207564e-09
1.2530326110038459e-08
7.580977623433682e-09
2.1462364330204764e-08
7.899843001979434e-10
1.4699744754764765e-09
5.278122827689913e-09
8.187044375773667e-10
1.3943265431137775e-09
5.389889423668137e-08
1.880138267296161e-09
5.662716962007153e-10
2.2122758736031756e-08
1.8938024481940374e-08
3.780063373426401e-09
1.648415709487594e-10
4.867010350295686e-09
9.769397513181843e-10
3.8418865311307115e-10
6.119190931741514e-09
9.324169214508515e-10
1.1330354965366496e-07
8.276079821456506e-10
8.671866780218807e-09
4.302448175508289e-09
9.516027965617013e-10
1.7558367204628667e-08
3.1496361074800916e-10
4.588635693636434e-09
3.974260920358574e-09
1.0395237559635007e-08
