6.296030363728278e-09
1.3678835841801629e-09
2.4270139231674648e-09
3.857418384711764e-09
1.0368923081260917e-10
1.5100839467763194e-09
2.3502493284865977e-09
3.3219293982256204e-08
1.2517531011724259e-08
4.4387586939365065e-09
1.9891139402261615e-08
7.727519069078426e-09
9.850643856168517e-09
1.4545252779996076e-09
3.772076428987248e-09
5.316590723225545e-09
1.1528512589009665e-09
4.973316869438804e-09
1.9634285308711696e-09
1.5103007733330287e-09
2.6724231716457325e-09
7.375804411680065e-09
5.3783253406436415e-09
2.788104414008785e-09
1.4231126277408634e-09
3.6859151286705583e-09
1.743981209445522e-10
3.823104677280753e-08
5.1856621219315e-09
1.5622405591386723e-09
4.426593314121874e-09
6.259291751575802e-09
1.7028835008758847e-09
1.8947003965763543e-09
9.873033057772318e-09
1.4381611457281451e-09
6.410479702623206e-09
4.281476950751539e-09
3.312591978499313e-09
7.892049680435775e-09
1.1695939328149052e-08
7.26835647224533e-10
1.36636679748392e-09
5.886112486308548e-09
2.054944880924836e-09
4.2894319207675835e-09
1.5748987891583965e-08
2.456124725824793e-08
2.0496826458327178e-09
3.673432757977935e-08
8.759460379259565e-10
3.477528542905617e-10
8.467672785172908e-09
3.8412364955497935e-10
7.092460507784892e-10
1.1636679397852845e-09
1.5663174091073984e-09
6.667381646785486e-10
2.3873107934946347e-08
5.14040721100173e-09
1.7149341946520735e-09
2.397640308515747e-09
1.5629101568492842e-08
7.51318740555007e-09
7.839616955607198e-09
4.096666617048328e-10
1.836425567169897e-09
2.0441830450579346e-09
2.9189990424782764e-09
3.932844094833854e-08
5.04130337475317e-09
2.3963089290646167e-09
1.9810642015727353e-09
9.296798886282431e-10
1.5041679901628413e-08
1.374267255549455e-09
2.6380362339040175e-09
1.9363399772487355e-08
2.6916520567965563e-08
6.948946307261394e-09
8.433231890592197e-10
1.1693458423778225e-09
1.469457777680816e-09
1.84422854765387e-09
3.926945879584309e-09
1.235272995003811e-09
5.657412871507006e-10
1.2695978712784495e-09
2.057216796913508e-08
8.022384423433948e-10
1.1790342036022139e-08
2.0735702044305526e-09
7.803169776998686e-10
1.606454191893647e-09
4.706465217552136e-10
7.1310011229286374e-09
1.5885290860495616e-09
5.692481597208143e-09
3.3687110878588555e-09
3.775929791061117e-09
6.182849343616681e-09
1.3020765576854387e-09
3.219158273282119e-09
1.6971100080809265e-09
2.6158140098431204e-09
6.369212712797889e-09
6.101704475014458e-09
7.1682815239171305e-09
6.726508239296436e-09
2.415991851023591e-10
1.541736338595001e-08
2.210464522534039e-08
2.9997417883009803e-09
1.8819874547659765e-09
2.0640008813188615e-08
5.567575844800388e-10
9.112354759643893e-10
6.595067159054224e-09
1.9012424967712604e-09
7.801595813816675e-09
3.0920581650661916e-09
4.244330664704421e-09
8.673644025236626e-09
1.3173346857797696e-09
1.4982504126237473e-09
6.033477606415261e-10
7.296202531037466e-10
4.0371492815438614e-09
4.36991193231151e-10
2.5236592815502945e-09
1.187226317256318e-08
3.803588555228998e-09
3.685958760435426e-10
2.124036058148704e-09
3.622275368542205e-09
5.146833514935167e-10
1.3260218700850146e-08
9.822375135470907e-10
1.2676847127579549e-08
9.300719083782383e-10
3.518294322546467e-09
3.4345401522806185e-10
4.744674098056123e-10
2.1762363022759246e-09
1.1970368030134182e-09
1.662179549555276e-08
2.5002999670675763e-09
9.445166870847288e-10
3.0366458236841254e-09
2.999265724668021e-09
7.965368364892811e-10
5.152470117231189e-10
2.671135757026377e-09
6.899524285230996e-10
3.766664313786805e-09
3.2711429120979574e-09
5.264667812809876e-09
4.549694399003101e-09
6.049749590175679e-10
1.828351803290218e-09
7.62743979088043e-10
8.607337065313914e-09
1.2310602537368709e-09
1.231067159324084e-08
2.6819013676515624e-10
1.2282324046708482e-09
9.447613358304352e-09
1.0651954873708291e-09
2.079209622252165e-07
7.83620368594029e-09
5.011000503429841e-09
2.8734123413975965e-10
5.889989385110539e-09
1.413655148496673e-08
1.833755369773371e-08
1.7211149172524642e-11
9.643658316349502e-09
1.927260573353351e-09
8.552190067234733e-10
8.434266618451147e-09
1.7553235531764244e-09
5.166752359286875e-09
1.962367157659628e-09
1.699501872565179e-09
5.252670742805776e-09
1.3204478399586606e-08
2.015750766304336e-08
1.5380636764206201e-09
4.933633945825022e-09
8.872381940250307e-09
9.365230813074277e-10
6.25248519625643e-09
4.0644596022154644e-10
6.571151622836169e-09
2.321596248577862e-09
3.3833869039767706e-09
4.176480050688269e-09
1.0091055990812947e-08
4.073636983292772e-09
1.3441979751505073e-09
5.466728847380864e-09
2.015704270164065e-09
2.8011662434046514e-10
8.273968177263669e-09
1.0188387911114205e-09
3.936985737418297e-10
5.012448678343162e-09
1.7994175038893445e-09
4.72857142330696e-10
2.094222351090025e-09
1.1993470661053607e-09
2.6030386734987587e-09
1.1573436653478097e-09
1.276036609709763e-09
4.141667453438913e-09
1.23989640776756e-09
4.625459126827991e-09
2.6554403120826464e-09
3.1806504097176003e-09
2.337000870600292e-10
6.363328197700469e-10
3.2346289535745143e-10
2.5126597691382813e-08
1.0878431488947626e-09
3.6199929720481805e-09
2.9758147057634687e-09
1.5925994745202843e-08
7.577702021421828e-09
8.449615229721985e-09
1.6945044478688942e-08
4.551343302239275e-09
4.580907653206623e-09
2.2421635659242156e-09
7.25322735206646e-09
1.3224458195182365e-09
3.240904078438689e-08
2.1931251481532854e-08
2.6023485588666517e-09
1.677419647627687e-09
3.1367228814360715e-09
1.8376514754336881e-09
6.506765126701453e-10
1.2558709627796816e-09
5.2809583372948055e-09
4.749913795620841e-10
9.164611292078462e-09
2.6922677420770924e-09
1.552008521699122e-09
1.3896177541994348e-09
4.577445644748934e-10
8.073497426153153e-10
2.7114190892518764e-09
4.104012685246516e-09
1.41117624252729e-08
2.3453130548745094e-09
2.9827282865824145e-09
3.138424276016849e-08
9.86046977402566e-09
1.3871969128942396e-09
1.1250675946428146e-09
4.855353452626332e-09
1.3715291402593976e-10
4.498199035474215e-10
3.995631381314979e-09
2.7445517858382118e-08
6.765140003750503e-09
4.793017982507308e-09
7.18670500887697e-09
3.7130634122917172e-09
1.4890205513040655e-08
3.5005026655099414e-10
7.781729149947125e-10
4.831900990431848e-10
7.983300243097347e-09
1.4667994596706535e-09
2.3818833128075312e-08
4.166158973362144e-09
6.634433891150593e-09
9.918333709890703e-09
7.573406901606461e-10
1.2093269718960187e-09
1.3683771893369112e-09
5.463523855553376e-09
3.6720151364022513e-09
6.730769275264947e-09
2.92805180102107e-09
2.5537019165966512e-09
2.1030505337193972e-08
3.1791325127983328e-09
1.3545787824753575e-09
2.8093731785361342e-08
2.0293510871738363e-08
5.0735797785250725e-09
2.248938812954293e-09
3.040441853841003e-08
1.1376299902110532e-08
2.51426879316341e-10
4.762982896977519e-09
1.4229110945063184e-10
1.0738914646424291e-08
2.422381406574914e-09
2.6387885654344245e-08
4.5507779766751355e-09
2.6607662739763782e-09
3.4996059383729516e-08
4.524091323787616e-09
4.93325469363981e-09
1.67760327851596e-09
3.583670471485334e-09
3.3205460603369374e-09
1.1106264352633843e-08
5.469427133419913e-09
9.250828991724802e-10
2.310843183472855e-10
1.5947149156758655e-09
2.629152229260967e-09
1.0680508033544811e-08
3.7080978287917787e-09
9.195359496061428e-08
7.2512396087631714e-09
1.8923158595640643e-09
2.854254832485026e-09
6.117617079581805e-09
2.469636495305849e-09
6.981852873622074e-10
4.13726430892325e-09
5.569217309542296e-10
2.427299194973642e-10
4.3926018378215304e-10
5.090039500998955e-10
5.186497009646018e-09
1.7616901715200584e-08
5.9343738811890034e-09
3.78933595612807e-09
6.106813943418388e-10
1.7521756268124022e-09
5.923885826319975e-10
1.0910418346554707e-08
2.7317755169065094e-08
3.993323893780598e-09
4.62991978089633e-10
2.160794432271018e-09
2.7174187344769507e-09
2.5037791839821466e-09
8.295837794491945e-09
1.7458282597360153e-09
1.6193562046851184e-09
1.7928591944382788e-10
8.522190064752522e-09
5.894831733854744e-09
2.389504816235899e-09
8.333489454059873e-09
1.6035089922539214e-09
2.74554357027057e-09
5.302039252086388e-09
1.4292955263783824e-08
1.934049587148934e-09
5.763755028809214e-10
1.048886422161388e-09
5.080081688646487e-09
1.2798848558759346e-07
7.703065740827242e-09
2.6382167561678216e-09
9.753909901988322e-10
7.561650861021008e-09
7.144985048057606e-09
1.8002517254700479e-09
2.268753629408593e-09
1.1677898648088103e-09
5.472609920786908e-09
1.3049150204835769e-08
7.892729136926846e-09
2.2358898732477428e-08
8.21864409861206e-10
1.5299567168725048e-09
5.494246391180013e-09
8.519894234559899e-10
1.4507940404584474e-09
5.619535770051698e-08
1.9564689868190044e-09
5.890855026002839e-10
2.304739687986057e-08
1.9727350419884715e-08
3.934667258675972e-09
1.7147359920866023e-10
5.066125741137739e-09
1.0164729058459443e-09
3.996357966773445e-10
6.370151961476722e-09
9.700868996986856e-10
1.1823164669522157e-07
8.612233703964023e-10
9.029045955344372e-09
4.478423853981894e-09
9.90055926131106e-10
1.828924744984306e-08
3.2761021673266555e-10
4.776263828887295e-09
4.136532005816207e-09
1.082442668831618e-08
