6.187327539208809e-09
1.3445006219470201e-09
2.3854007658030696e-09
3.791051472745721e-09
1.0194165650512232e-10
1.484195988332715e-09
2.3099213652955086e-09
3.263446402002046e-08
1.2299937957038765e-08
4.3623287204752614e-09
1.9543472618011037e-08
7.593831341523583e-09
9.679790302641322e-09
1.42965383975735e-09
3.707210982639708e-09
5.224916499457777e-09
1.1331647842283132e-09
4.887581450674361e-09
1.929789661403447e-09
1.4844063755958814e-09
2.6265747354869973e-09
7.248258881986658e-09
5.285555992884383e-09
2.7401654278946808e-09
1.3986128921672503e-09
3.62254204411272e-09
1.7143780839390388e-10
3.755652855375047e-08
5.096269184434732e-09
1.5355218208057408e-09
4.350381388462665e-09
6.151213316485382e-09
1.6737433661262457e-09
1.8622278163960004e-09
9.701754954960506e-09
1.4135714820895373e-09
6.299751387217611e-09
4.207760362362478e-09
3.255612002206476e-09
7.7554975774774e-09
1.1492788054567882e-08
7.144532188085861e-10
1.3429986012170048e-09
5.784470680225695e-09
2.0196950778483824e-09
4.215594096024233e-09
1.5474489245548284e-08
2.4130281772727358e-08
2.01456340498396e-09
3.608662169085619e-08
8.609950530313881e-10
3.41844941242897e-10
8.321062061611428e-09
3.7759578797036397e-10
6.971517252374326e-10
1.1435909996748705e-09
1.53952306458649e-09
6.5537547611072e-10
2.3454781228338106e-08
5.051746132522794e-09
1.6855833395723607e-09
2.356532968761371e-09
1.53567416560918e-08
7.383199385202488e-09
7.703985893670051e-09
4.026891597952442e-10
1.804990379383753e-09
2.009117094914359e-09
2.868891346707869e-09
3.86342442482146e-08
4.954341381591121e-09
2.355218020611005e-09
1.9471351198063758e-09
9.1382112987759e-10
1.47795962135433e-08
1.3507727159023375e-09
2.592765779851902e-09
1.9025035769004717e-08
2.644412155916598e-08
6.828838827743766e-09
8.289006703243729e-10
1.1493761498115873e-09
1.4443060081248404e-09
1.8126427026032843e-09
3.8593679363430056e-09
1.2141488925365707e-09
5.561001104048557e-10
1.2478924560355154e-09
2.0212432616517617e-08
7.885431196896775e-10
1.1585524539725611e-08
2.0380099829964138e-09
7.670116208835509e-10
1.57892277030669e-09
4.626410643471246e-10
7.007713964668483e-09
1.5613359494182077e-09
5.594250840346149e-09
3.3108245034441097e-09
3.710871832041107e-09
6.076068981286653e-09
1.2797874981984592e-09
3.1638582864701448e-09
1.6680037351335386e-09
2.5709367967863272e-09
6.259104790018455e-09
5.996377172579059e-09
7.044362426711359e-09
6.610306080290229e-09
2.3746724031603605e-10
1.514873027019803e-08
2.1717754705719017e-08
2.9482203345310154e-09
1.849761011030182e-09
2.0278926982086887e-08
5.470334185631032e-10
8.956898001066804e-10
6.481098768773563e-09
1.8683004032737927e-09
7.66663887930008e-09
3.0389371019623468e-09
4.171209155856559e-09
8.523444172681138e-09
1.2948258021339143e-09
1.47261480787364e-09
5.93074755972367e-10
7.171451210652435e-10
3.967675077376498e-09
4.2955733414729025e-10
2.4803370468617914e-09
1.1665952648343136e-08
3.738160003763369e-09
3.6229361177753105e-10
2.087643835579911e-09
3.5600034031801897e-09
5.059179741806474e-10
1.302953744897195e-08
9.654774757450468e-10
1.2456460751764098e-08
9.141471468687712e-10
3.4578233609749986e-09
3.376026402879262e-10
4.663972541507633e-10
2.138945465191e-09
1.176494346388779e-09
1.633192425742891e-08
2.4573647561254575e-09
9.283946389437858e-10
2.984462232902274e-09
2.947768695804598e-09
7.829547565840755e-10
5.064779706742684e-10
2.625305306480641e-09
6.781670780497961e-10
3.7018432763602505e-09
3.214928545602902e-09
5.173893313781264e-09
4.471331305211379e-09
5.946706460591145e-10
1.7970395171928999e-09
7.497005793943856e-10
8.458290956525616e-09
1.2100304092044212e-09
1.2096724510968215e-08
2.636346696505143e-10
1.2072361998960446e-09
9.283880331167893e-09
1.0470022626662967e-09
2.041224860249713e-07
7.700600157534154e-09
4.924632701630571e-09
2.8246882610716284e-10
5.788340029511119e-09
1.3890414152228914e-08
1.8017345837506582e-08
1.683936497187677e-11
9.47646672244673e-09
1.894256529411109e-09
8.406331741817041e-10
8.288232322684053e-09
1.7252765882602716e-09
5.077656961560706e-09
1.928703197151549e-09
1.670410698650926e-09
5.16211606793604e-09
1.2974792795716894e-08
1.9805064255251636e-08
1.5117508356254916e-09
4.847327428336712e-09
8.718698651932755e-09
9.205433082470904e-10
6.144532882501608e-09
3.995264119538433e-10
6.4576521907611095e-09
2.2817694400600885e-09
3.3252349762591393e-09
4.104605988430876e-09
9.915924081838057e-09
4.003539277874779e-09
1.321195597370206e-09
5.37237720976691e-09
1.981177222276642e-09
2.753539340982769e-10
8.130724538091272e-09
1.0014454820961305e-09
3.869152498392481e-10
4.9259440970672586e-09
1.768607038599157e-09
4.648059159784168e-10
2.058330839105338e-09
1.1788259257627942e-09
2.5583537510698307e-09
1.1375553832237983e-09
1.254139903039686e-09
4.0703809212061515e-09
1.2187167941490884e-09
4.545797960275877e-09
2.6098037064770097e-09
3.1260165567204012e-09
2.2972497515372226e-10
6.254979867392763e-10
3.179493890392848e-10
2.4685927968448595e-08
1.0692534635481366e-09
3.5577587542690026e-09
2.9247266830623175e-09
1.564836260570246e-08
7.4466401933648285e-09
8.303321585856338e-09
1.66494569242559e-08
4.4729615567007386e-09
4.5020125405415e-09
2.2037347502390503e-09
7.127804568796137e-09
1.2998317977519491e-09
3.183870234124697e-08
2.1547430506529963e-08
2.5577033824220052e-09
1.6487189391511947e-09
3.082839095114309e-09
1.806163218986967e-09
6.395761698030356e-10
1.234411017847492e-09
5.189908058866877e-09
4.668554431930261e-10
9.005792556138204e-09
2.646031616038158e-09
1.5254341123593917e-09
1.365569879396844e-09
4.499518535538982e-10
7.932471901561655e-10
2.664880316416429e-09
4.033369194189618e-09
1.3866098491632783e-08
2.3050996666995616e-09
2.9315161409471102e-09
3.0832200792474396e-08
9.689460789275017e-09
1.3634847695342955e-09
1.105850300220368e-09
4.771685269133741e-09
1.3483465732821998e-10
4.421704669077542e-10
3.926808211929256e-09
2.6963691723835836e-08
6.648250394647448e-09
4.710445367095417e-09
7.062409768110456e-09
3.649192503729637e-09
1.4630861855380317e-08
3.440824292155753e-10
7.648326416642703e-10
4.749730608821778e-10
7.845114780025142e-09
1.4416967619723664e-09
2.340151539215185e-08
4.0944603263426416e-09
6.519775830327035e-09
9.746312201741603e-09
7.444278526946846e-10
1.1886589490472943e-09
1.3449813485166828e-09
5.36929700700739e-09
3.608824794554266e-09
6.614453873510229e-09
2.8777469296414893e-09
2.5098949585355967e-09
2.066247084542283e-08
3.124515757235713e-09
1.3314104263528748e-09
2.7600311369724295e-08
1.9938672934927126e-08
4.986134172213497e-09
2.2103798791306417e-09
2.986976355145998e-08
1.117860204402632e-08
2.470519622210787e-10
4.680902776499352e-09
1.3985558544593601e-10
1.0552548168618614e-08
2.3808310878337124e-09
2.5924885349581928e-08
4.4724020042963275e-09
2.6151152354714213e-09
3.437945395035058e-08
4.446187418238878e-09
4.848239143484534e-09
1.6488977960804618e-09
3.5220122374113316e-09
3.2634839275402783e-09
1.091342927139749e-08
5.375038636401541e-09
9.092842034874593e-10
2.271459131897302e-10
1.5674298525780728e-09
2.5840332096294105e-09
1.0495171842705986e-08
3.644311519224175e-09
9.030537739818101e-08
7.125880330249856e-09
1.8599184414824776e-09
2.805069954092687e-09
6.011981579234771e-09
2.427280376693375e-09
6.862865276069385e-10
4.066067482710878e-09
5.473642095132902e-10
2.385718012032356e-10
4.3178063902082897e-10
5.003286118743233e-10
5.0970729859045605e-09
1.7309403688159364e-08
5.8318350149022535e-09
3.7240568406815555e-09
6.0027810500074e-10
1.7221644110776424e-09
5.823065918342252e-10
1.072103028576521e-08
2.6838204547630085e-08
3.9246264016412624e-09
4.5510667456838405e-10
2.1237700487120037e-09
2.670778265212448e-09
2.460837089657275e-09
8.152237995773248e-09
1.7157616438723267e-09
1.591649478882573e-09
1.761354950780003e-10
8.374645865671937e-09
5.7929727681482746e-09
2.3484609812385315e-09
8.189211087028525e-09
1.5760556193455955e-09
2.6984048329126153e-09
5.21051157775787e-09
1.40440539198039e-08
1.9007218021727113e-09
5.664781421721443e-10
1.0309636477856543e-09
4.992487312449612e-09
1.2567801377372234e-07
7.56981766159015e-09
2.592955850033718e-09
9.587481919481888e-10
7.430881243664089e-09
7.021482062441464e-09
1.7694046228200477e-09
2.2297710344787447e-09
1.147761552466875e-09
5.378220979679327e-09
1.2822148676150391e-08
7.756124631441708e-09
2.196749093741346e-08
8.07852784667773e-10
1.50337353677088e-09
5.39947775379801e-09
8.372332827022433e-10
1.4259833314156367e-09
5.5197467929701816e-08
1.9229229319961405e-09
5.790547485950981e-10
2.2643771302455207e-08
1.9382564886427645e-08
3.866650999384547e-09
1.685343947732676e-10
4.978803147537292e-09
9.990681615335006e-10
3.9284181463372647e-10
6.260148843750812e-09
9.53529033509426e-10
1.161010700911902e-07
8.46338665816404e-10
8.872613754817849e-09
4.401136344256429e-09
9.731522254696756e-10
1.7969890464542004e-08
3.220490540911669e-10
4.693961219714993e-09
4.065336511871465e-09
1.0636567182586987e-08
