6.024680754279643e-09
1.309678920868862e-09
2.3233412971279677e-09
3.691975614117382e-09
9.934804368061378e-11
1.445727426663268e-09
2.2498414242733134e-09
3.174931961780203e-08
1.1973187774572125e-08
4.2481471673738724e-09
1.9019642749640298e-08
7.393646139775001e-09
9.423672509001335e-09
1.3926106934292193e-09
3.610350463034706e-09
5.0878643520491096e-09
1.1038511216199254e-09
4.7594803653794315e-09
1.879672861804238e-09
1.4459322628113114e-09
2.5581816665010138e-09
7.057309847624538e-09
5.14689268982238e-09
2.668784082615616e-09
1.3623748795765778e-09
3.527916625500893e-09
1.6705446748144226e-10
3.6534174796543084e-08
4.9626325271390215e-09
1.4957148852801083e-09
4.23651558278948e-09
5.989527984695542e-09
1.63032498612381e-09
1.813878824918902e-09
9.445045634492999e-09
1.376948000064715e-09
6.134108776478797e-09
4.097668870883808e-09
3.1706628433880724e-09
7.550988279092508e-09
1.1187839099591201e-08
6.960244602893795e-10
1.308215868967011e-09
5.6325450970007296e-09
1.9672228290801286e-09
4.105295658973773e-09
1.5061663916071666e-08
2.348050820444314e-08
1.9622268254693154e-09
3.510531598749367e-08
8.387608940729763e-10
3.3306474245264894e-10
8.101411097527489e-09
3.678917170901741e-10
6.791714413090233e-10
1.1140000033549313e-09
1.4996115460519377e-09
6.384788808766473e-10
2.2823614997946606e-08
4.919289864346865e-09
1.6418554293906595e-09
2.2952311162782735e-09
1.494712087435346e-08
7.188643014188756e-09
7.500854160014114e-09
3.92335941512556e-10
1.7581399669452935e-09
1.9569221798576564e-09
2.794126929828167e-09
3.758175992629731e-08
4.82446838034889e-09
2.293950362997066e-09
1.896564683079305e-09
8.902144021938341e-10
1.4385654445447926e-08
1.3157873679503496e-09
2.525260445196409e-09
1.851538833363975e-08
2.5730546582281022e-08
6.649088390986435e-09
8.074994006790348e-10
1.1196402693869345e-09
1.4068798348532141e-09
1.7655917838865776e-09
3.758487299165836e-09
1.1827249180029753e-09
5.417764015192006e-10
1.2155894069110218e-09
1.967028850913266e-08
7.681905667134004e-10
1.1278072697962216e-08
1.9850583399261268e-09
7.472185092893824e-10
1.5379806317383782e-09
4.5073741961054736e-10
6.823189124816054e-09
1.520854220338208e-09
5.447385209578215e-09
3.224421618597262e-09
3.613910948274679e-09
5.9163833832087676e-09
1.2466522258947066e-09
3.0813285256670042e-09
1.624733458882588e-09
2.5040054474345652e-09
6.094542204237996e-09
5.838814765013467e-09
6.85885970241884e-09
6.4363860907690196e-09
2.3138077565043602e-10
1.4744762744101081e-08
2.1134329841743238e-08
2.871368032231203e-09
1.8017390912561382e-09
1.9734956779871027e-08
5.329378049978573e-10
8.725542510745754e-10
6.310622691074741e-09
1.8197822138077413e-09
7.464506346366306e-09
2.9596967099365656e-09
4.062083114320103e-09
8.29836910298809e-09
1.2612997313254937e-09
1.4344498922014282e-09
5.777934242168214e-10
6.986451417390072e-10
3.863932729331054e-09
4.1850953258482093e-10
2.4157840172733813e-09
1.1356327433986735e-08
3.640481471833823e-09
3.5298389211568804e-10
2.0333927874816027e-09
3.4670284421167707e-09
4.928939478787697e-10
1.2683050165662735e-08
9.405276557572506e-10
1.2125478399127587e-08
8.905302606443399e-10
3.3675442434599745e-09
3.289315486654232e-10
4.543964371439557e-10
2.0833501590544756e-09
1.1460492554959956e-09
1.5895770033580447e-08
2.393414577639419e-09
9.044087700971204e-10
2.906655360845889e-09
2.8709288280026612e-09
7.627477538463268e-10
4.934395669842218e-10
2.556945544185396e-09
6.606786229212958e-10
3.605122866900956e-09
3.131052528360101e-09
5.038195638462639e-09
4.354262728156755e-09
5.793477364512967e-10
1.7503967164600454e-09
7.303557203464095e-10
8.234962045605698e-09
1.1787143483488194e-09
1.1775466823849001e-08
2.568739110309082e-10
1.1759925255816484e-09
9.038402026817494e-09
1.0199312505676517e-09
1.982275392720112e-07
7.497558129898607e-09
4.7955497350926635e-09
2.7522220613640513e-10
5.636313193946307e-09
1.3520600639083113e-08
1.7535233709509157e-08
1.6430299829006678e-11
9.225814778801578e-09
1.8450700967065359e-09
8.189282585391311e-10
8.069459767057197e-09
1.6805107305728484e-09
4.944513243287929e-09
1.8786134869941407e-09
1.6270792491113184e-09
5.02673147551036e-09
1.2629786105833318e-08
1.9274072116104435e-08
1.472564403748322e-09
4.720258406365474e-09
8.488388658633994e-09
8.967616649258048e-10
5.983025630484917e-09
3.892550448636456e-10
6.287802278848176e-09
2.222428241438479e-09
3.23845195104866e-09
3.997243425146735e-09
9.653455812497214e-09
3.898848799366306e-09
1.286980966241913e-09
5.231406419170526e-09
1.9297152764607972e-09
2.682905841933092e-10
7.916170829957991e-09
9.755599661431802e-10
3.7696756827187983e-10
4.7968233829465134e-09
1.7227079762704989e-09
4.528460384456423e-10
2.0048473992062554e-09
1.1483219930497057e-09
2.4917519159117774e-09
1.1081265904877569e-09
1.2216716527291283e-09
3.963922967642475e-09
1.1871745808633705e-09
4.426757627129518e-09
2.541849175585753e-09
3.044483554148769e-09
2.2383886411070364e-10
6.093762716652407e-10
3.097858636280648e-10
2.4020858191420302e-08
1.041603137075242e-09
3.4648430791150986e-09
2.848493219076431e-09
1.5230810390676197e-08
7.250390066104728e-09
8.084145797226938e-09
1.620465539531324e-08
4.355850347081969e-09
4.38413216841127e-09
2.1464408028748494e-09
6.94007296075938e-09
1.2661747206266227e-09
3.097568068710643e-08
2.0968679237398646e-08
2.491119754921556e-09
1.6059547025548682e-09
3.0024427388752883e-09
1.7592812762146082e-09
6.230888582869909e-10
1.2024596873771998e-09
5.053785390174426e-09
4.5484113697646933e-10
8.767779391405384e-09
2.5771258460594026e-09
1.485889744579083e-09
1.3301904022711142e-09
4.3837633523224895e-10
7.72763242284924e-10
2.595479831057901e-09
3.927889569155241e-09
1.349694667140966e-08
2.2451469572359883e-09
2.855103931054259e-09
2.999712833684498e-08
9.433084535714897e-09
1.328168242054062e-09
1.07724762443695e-09
4.6466586134386034e-09
1.3139435373066277e-10
4.3079648182065e-10
3.824143668396118e-09
2.6235763783688526e-08
6.47331832581699e-09
4.587042301551492e-09
6.8764229865792e-09
3.553862759630988e-09
1.4240961299094579e-08
3.3524383269423197e-10
7.450939865094597e-10
4.6275033804832333e-10
7.63820651172864e-09
1.404338756394452e-09
2.2771816432509695e-08
3.9873664370304596e-09
6.348268577482941e-09
9.488407393121179e-09
7.252209388575181e-10
1.1578993319716346e-09
1.3101472129406488e-09
5.228409705182457e-09
3.5145599763808377e-09
6.440422417597347e-09
2.802748477748196e-09
2.4445669932759984e-09
2.01079881634314e-08
3.0430220565591526e-09
1.2969297857878814e-09
2.6854783286012207e-08
1.94040232770476e-08
4.8554200660078095e-09
2.152911182662365e-09
2.9061391515483592e-08
1.088212453481674e-08
2.4071605819742103e-10
4.558281752053972e-09
1.3628514983210493e-10
1.0272948713918595e-08
2.31889107915606e-09
2.522564734874777e-08
4.355305449621483e-09
2.547023258969716e-09
3.344574039942927e-08
4.329785863177449e-09
4.721182556011172e-09
1.6061287855251294e-09
3.4300382534269147e-09
3.178328711328504e-09
1.0624105151180174e-08
5.233997679710001e-09
8.857948818885575e-10
2.2132609633906952e-10
1.5267892505832492e-09
2.516757247050805e-09
1.0217117818456245e-08
3.5491105609963824e-09
8.778025772926412e-08
6.9382006806506524e-09
1.8116309563609434e-09
2.731978643311095e-09
5.854003060079549e-09
2.3641211210900792e-09
6.68588240326784e-10
3.9597236600741326e-09
5.332648211897606e-10
2.3245663727244903e-10
4.2067513361665476e-10
4.874490810991006e-10
4.9634145682375674e-09
1.6846607664433577e-08
5.678647774232104e-09
3.6267480130192098e-09
5.848098671989987e-10
1.6774794886487143e-09
5.673043146359191e-10
1.0436892239340523e-08
2.6113744056033283e-08
3.822022698329874e-09
4.433976519280236e-10
2.068572202418295e-09
2.601222792719682e-09
2.3967974271954517e-09
7.937108748024002e-09
1.6712394801388086e-09
1.550376271808318e-09
1.716280589869612e-10
8.153558717083342e-09
5.640818923069446e-09
2.287368516817878e-09
7.973090632162894e-09
1.5351893090098656e-09
2.6281228304725346e-09
5.073838682534415e-09
1.3670074849869707e-08
1.8513602872971546e-09
5.518834278461782e-10
1.0043098574996634e-09
4.861603564165762e-09
1.2212100841679785e-07
7.370274168749802e-09
2.5254460744861262e-09
9.33973454131376e-10
7.235052557064137e-09
6.836590404901699e-09
1.7234841331870143e-09
2.1717916354191402e-09
1.1180651959818988e-09
5.237096978305544e-09
1.2481272015918421e-08
7.551596681310002e-09
2.1377207559680755e-08
7.869993545739362e-10
1.4643940504655006e-09
5.257788870949298e-09
8.156101904965851e-10
1.3890358863122287e-09
5.367845901105284e-08
1.872984878303896e-09
5.641366818132099e-10
2.2034909008539216e-08
1.8863138606661778e-08
3.765569189795315e-09
1.6422505022539724e-10
4.848283552405519e-09
9.732429306907875e-10
3.8274355906864344e-10
6.095561833063812e-09
9.288897429016174e-10
1.1282499201570317e-07
8.244799287737692e-10
8.638174620045902e-09
4.285921839652929e-09
9.480024543151444e-10
1.7489073300680502e-08
3.1378033504836367e-10
4.57099469386435e-09
3.959012229159953e-09
1.0354704649273572e-08
