6.0752887165449465e-09
1.3204916049502913e-09
2.342621874262818e-09
3.722775421266533e-09
1.0015303864019387e-10
1.4576728712967224e-09
2.2685060496741016e-09
3.202627851806028e-08
1.2075036082137558e-08
4.283651211522965e-09
1.9183181265702842e-08
7.455962069968791e-09
9.5034486946588e-09
1.404113603165058e-09
3.64046104373017e-09
5.1304942516594565e-09
1.112952396908895e-09
4.7993204965735e-09
1.895239742921717e-09
1.4578793727793027e-09
2.579432445415364e-09
7.116744527024821e-09
5.190024410239857e-09
2.6909636741123677e-09
1.373626101752734e-09
3.557331318404522e-09
1.6841478212015204e-10
3.6854288509857724e-08
5.004197944913358e-09
1.508076885592402e-09
4.2719214832231955e-09
6.039836186744196e-09
1.6438094219139998e-09
1.8288958125722843e-09
9.525007449440182e-09
1.3883205696174628e-09
6.185650658352415e-09
4.131899267179051e-09
3.1970648350920783e-09
7.614653796395032e-09
1.1282872414142275e-08
7.017449399349118e-10
1.319016229572867e-09
5.679809511605072e-09
1.9835217912600456e-09
4.139590448204444e-09
1.5190437352430308e-08
2.3683535133045552e-08
1.9784835991742966e-09
3.541251203387219e-08
8.456630395947684e-10
3.3578970159986454e-10
8.169801724022818e-09
3.709034468446504e-10
6.847525879649652e-10
1.12318554457147e-09
1.512006075898853e-09
6.437234634226741e-10
2.302080659433159e-08
4.960486688077026e-09
1.6554361215170843e-09
2.3142761040872983e-09
1.507489244545468e-08
7.249203015646799e-09
7.564089798961504e-09
3.955490657236993e-10
1.772691327062148e-09
1.9731345446416526e-09
2.8173599009306827e-09
3.7911359385134347e-08
4.864860070341592e-09
2.3129844706204494e-09
1.9122725625209114e-09
8.975429288682335e-10
1.4508518830780304e-08
1.3266509002463067e-09
2.5462350006222323e-09
1.8674482404890114e-08
2.5953601934247672e-08
6.705029420572828e-09
8.141425311691819e-10
1.1288727730374148e-09
1.4185016494749902e-09
1.7802053164928111e-09
3.789849323254657e-09
1.192481779987986e-09
5.462221230878583e-10
1.2256193837600904e-09
1.9839566434143308e-08
7.745082908350298e-10
1.1373887609522626e-08
2.0015062940359485e-09
7.533625945299605e-10
1.5506951278609904e-09
4.5443196428074373e-10
6.8806196296122835e-09
1.5334257197352485e-09
5.493073107487589e-09
3.251276581295315e-09
3.6440515049918076e-09
5.966067639917583e-09
1.2569405516416055e-09
3.106978008204919e-09
1.6381712653057434e-09
2.524801701042634e-09
6.145746134222918e-09
5.8878373287996055e-09
6.916595740591447e-09
6.490509019130286e-09
2.332693760376259e-10
1.4870764175611839e-08
2.1316548526328916e-08
2.8952507058477295e-09
1.8166544935027673e-09
1.990480491542712e-08
5.373105849137971e-10
8.79736394843178e-10
6.36367136763738e-09
1.834848495363417e-09
7.527430234688381e-09
2.9843225668457762e-09
4.0960124181310675e-09
8.368454373908207e-09
1.2717097375158914e-09
1.4463014119669992e-09
5.825365745337763e-10
7.043873262446709e-10
3.896186040464045e-09
4.2193834537407326e-10
2.43583997416863e-09
1.1452820913859796e-08
3.670846515646531e-09
3.558728589592164e-10
2.0502453068615978e-09
3.495929101759998e-09
4.969362699114299e-10
1.2791068648709825e-08
9.48273348733153e-10
1.2228648316181534e-08
8.978614518539985e-10
3.39560579654119e-09
3.3162250723250963e-10
4.5812112436927066e-10
2.1006205663809396e-09
1.1555012502384443e-09
1.6031846072905864e-08
2.413282684798901e-09
9.118549804121301e-10
2.9308349080992002e-09
2.894807948905509e-09
7.690203474020052e-10
4.974863854201317e-10
2.5781861090479197e-09
6.661068363555955e-10
3.635189038675435e-09
3.1571207870229046e-09
5.080402765145209e-09
4.390666052955794e-09
5.841037653553371e-10
1.7648833505745642e-09
7.363602505527922e-10
8.30450197497612e-09
1.188437792620789e-09
1.1875597394350734e-08
2.5897206601399603e-10
1.1856933213039156e-09
9.11485642518528e-09
1.0283357498863666e-09
2.0009557033517922e-07
7.560765347136567e-09
4.835696287841529e-09
2.7747124042853955e-10
5.6836100270629686e-09
1.363591461966962e-08
1.7685700015590555e-08
1.655647494103185e-11
9.303884773714799e-09
1.8603476537037977e-09
8.256661465644299e-10
8.137575946420839e-09
1.6944140535102292e-09
4.985924562106447e-09
1.894171486327423e-09
1.6405367064820098e-09
5.068841346655972e-09
1.2737341847923744e-08
1.9439854170855142e-08
1.484733447298936e-09
4.759765470652155e-09
8.56010728966794e-09
9.041445370172596e-10
6.0332783213823404e-09
3.924428004786762e-10
6.340656444336901e-09
2.2408632727177746e-09
3.265425041476533e-09
4.0306242787835345e-09
9.73521441238745e-09
3.9313969857346365e-09
1.2976048013868535e-09
5.2752566759295405e-09
1.945700489613955e-09
2.704825807775535e-10
7.982971617082057e-09
9.835963155069294e-10
3.800540993026402e-10
4.836980149747205e-09
1.7369635729735933e-09
4.5655795810617406e-10
2.021460998591351e-09
1.1577927505612706e-09
2.5124453628677657e-09
1.117263503935817e-09
1.2317522557481198e-09
3.99702182463102e-09
1.1969683022527988e-09
4.46377512730578e-09
2.5629627309342595e-09
3.0698230624182088e-09
2.256655001753316e-10
6.143803799041336e-10
3.1231925379238135e-10
2.4228688388916453e-08
1.0501876035462487e-09
3.493725531100722e-09
2.8721833800204877e-09
1.536106353228206e-08
7.311478977811703e-09
8.152388097926178e-09
1.63434386024619e-08
4.392266994557303e-09
4.420788624059924e-09
2.164239232271825e-09
6.9985035544561924e-09
1.2766253609797218e-09
3.124568337398159e-08
2.1149435980305498e-08
2.511807650762421e-09
1.6192357454869466e-09
3.0274280859998726e-09
1.773842073227172e-09
6.282062647855469e-10
1.2123804182806452e-09
5.0961252995307404e-09
4.5856951569334115e-10
8.841902321421458e-09
2.598535830955484e-09
1.4981698104321595e-09
1.3411737276314284e-09
4.419689059176335e-10
7.791188805228444e-10
2.6170439149098e-09
3.9606833368566186e-09
1.3612053706424376e-08
2.263772280741705e-09
2.878849603149547e-09
3.0258348715506145e-08
9.512941545608555e-09
1.3391346920244018e-09
1.0861279653440192e-09
4.6855412882962355e-09
1.324620968468082e-10
4.3432657470532376e-10
3.856060803997252e-09
2.6463323976599895e-08
6.52775700160646e-09
4.6254191587991045e-09
6.934309570993946e-09
3.583496388515073e-09
1.4362560918357303e-08
3.3798672194329527e-10
7.512205302262487e-10
4.665439146123163e-10
7.702619875260552e-09
1.4159393657564578e-09
2.2968549728830112e-08
4.0206633578065976e-09
6.401638774633511e-09
9.568742243004635e-09
7.311830030332089e-10
1.1674498034963676e-09
1.3209636717803619e-09
5.272234204767301e-09
3.5438616485805596e-09
6.494579984916982e-09
2.8260540574365223e-09
2.4648640906121955e-09
2.0281133217281422e-08
3.0683491303307164e-09
1.3076363325481566e-09
2.708787150140779e-08
1.957095285831656e-08
4.8960742127235335e-09
2.170764235032152e-09
2.931421860807859e-08
1.0974509301320268e-08
2.426814027511881e-10
4.596414804325377e-09
1.3739301363280276e-10
1.0360060365144363e-08
2.338134352797283e-09
2.544420141248338e-08
4.391717656204719e-09
2.568180335060788e-09
3.3737968863079004e-08
4.365981354226278e-09
4.7606976139036306e-09
1.6194113827694423e-09
3.4586267183556174e-09
3.2047953180125432e-09
1.0714256148958157e-08
5.277869696840298e-09
8.930868267142955e-10
2.2313206837765165e-10
1.539410265927188e-09
2.5376605261584473e-09
1.0303747188800116e-08
3.5787042218515808e-09
8.857517741489573e-08
6.99661573122512e-09
1.826629070222907e-09
2.754689587547432e-09
5.903154853825754e-09
2.383744091005724e-09
6.740818458972342e-10
3.9927869899258894e-09
5.376403211521108e-10
2.3435409168826027e-10
4.2412179324102794e-10
4.914463835881122e-10
5.004986203260842e-09
1.6991025475476818e-08
5.7263052077871635e-09
3.656996927503542e-09
5.896110266689902e-10
1.6913573874788312e-09
5.719608675569532e-10
1.0525421423324133e-08
2.63402153422021e-08
3.8539211821841945e-09
4.470316616878023e-10
2.085718930899816e-09
2.622835282295455e-09
2.416694178108969e-09
8.004088947188848e-09
1.685065420531373e-09
1.5631940186722204e-09
1.7302591304169113e-10
8.22239787368062e-09
5.688154391947364e-09
2.306347779423845e-09
8.040379917417795e-09
1.5478803794266582e-09
2.6499611394115163e-09
5.116349122147312e-09
1.3786692676376333e-08
1.8666903578434813e-09
5.564126381862877e-10
1.012584682769102e-09
4.902310557497458e-09
1.2324355225246109e-07
7.4323907028883696e-09
2.546422184224184e-09
9.416647461790717e-10
7.296010018364996e-09
6.89413548471407e-09
1.737746058161349e-09
2.1898025615030292e-09
1.127284710022991e-09
5.280995196699223e-09
1.2587536346586603e-08
7.615267527683045e-09
2.1561579188755786e-08
7.934727874747693e-10
1.476495037344705e-09
5.301863392759287e-09
8.223206005020245e-10
1.4005090420710076e-09
5.415510528905543e-08
1.888495804180934e-09
5.687669779597115e-10
2.222510531169064e-08
1.902529689346011e-08
3.796990721838256e-09
1.6556213344731674e-10
4.888877302988703e-09
9.812599621739082e-10
3.858776354004334e-10
6.146774644832931e-09
9.365389574966798e-10
1.138582490511908e-07
8.312637800322875e-10
8.711181109788413e-09
4.321746516211533e-09
9.558102087581233e-10
1.7639134597402517e-08
3.163465878142091e-10
4.609235215724539e-09
3.992068897673562e-09
1.0442523290521422e-08
