5.972959904454456e-09
1.2986512976098652e-09
2.3036677010424e-09
3.6605283249002696e-09
9.852695048717663e-11
1.4335436171464266e-09
2.2307971025981033e-09
3.1464466587749484e-08
1.1868897864530936e-08
4.211887727478825e-09
1.885187828065682e-08
7.329927331767294e-09
9.342046247695635e-09
1.3808785226387954e-09
3.5796079433936256e-09
5.044313411417534e-09
1.094569657134059e-09
4.718784474277982e-09
1.8637924537046047e-09
1.433746787959933e-09
2.536495014027196e-09
6.9965455651299635e-09
5.102828382064217e-09
2.6461484115003486e-09
1.3508996143940522e-09
3.4978859808632023e-09
1.6566727156774874e-10
3.620465349740698e-08
4.920170937339208e-09
1.4831060823894404e-09
4.200357395234278e-09
5.93811488869278e-09
1.6165703220494265e-09
1.7985596345582167e-09
9.363230191183902e-09
1.3653489450149436e-09
6.0814318025848024e-09
4.06271327690888e-09
3.1437119574206918e-09
7.485886577285328e-09
1.109054892367567e-08
6.901917370960575e-10
1.29720068020589e-09
5.584248619072696e-09
1.9505950188403176e-09
4.070273895706578e-09
1.4929693037402103e-08
2.327202786034377e-08
1.945641425749045e-09
3.478916354993089e-08
8.317229682752725e-10
3.3028638157794887e-10
8.031463494262425e-09
3.64820978981939e-10
6.734808821740046e-10
1.104632607606959e-09
1.4869695474928335e-09
6.331313806562378e-10
2.2621151174462284e-08
4.877204862197004e-09
1.6280025105785967e-09
2.2757979944998397e-09
1.4816178506293909e-08
7.126725876105411e-09
7.436192994703106e-09
3.890599231670677e-10
1.7432960630614502e-09
1.940381855192186e-09
2.7704150085128276e-09
3.724241537383932e-08
4.78320805186172e-09
2.2745281214042734e-09
1.8805397239418653e-09
8.827415465262334e-10
1.4259761371704371e-08
1.3047078972761028e-09
2.5038564555046605e-09
1.8352199759874566e-08
2.550139122092787e-08
6.591903911612462e-09
8.007255969388893e-10
1.1102250230266009e-09
1.3950263166861987e-09
1.7506843752457257e-09
3.726465358511177e-09
1.1727748772116797e-09
5.372436384654122e-10
1.2053604780959404e-09
1.94966052191603e-08
7.617487196576178e-10
1.1179979608755275e-08
1.9682777629981274e-09
7.409537428060275e-10
1.5250122276100342e-09
4.469705716658723e-10
6.764478310827826e-09
1.5080313664483924e-09
5.400702995927986e-09
3.1970077696286126e-09
3.583137786478119e-09
5.86560933157898e-09
1.2361597301335792e-09
3.055146802211084e-09
1.6110264233759608e-09
2.4827837563634603e-09
6.0422111758384744e-09
5.788717949428701e-09
6.799836249626878e-09
6.381064565630368e-09
2.2945501054749684e-10
1.4615641141801916e-08
2.0947307888263822e-08
2.846992419591743e-09
1.786523373681348e-09
1.9560685515784826e-08
5.284794268867188e-10
8.652306648926356e-10
6.2564016189980975e-09
1.804412619321738e-09
7.4001653693756e-09
2.934561482703657e-09
4.027435274167601e-09
8.226685999090932e-09
1.2506828905856082e-09
1.4223621169762168e-09
5.729572927215543e-10
6.927903251074952e-10
3.830999073528574e-09
4.1501360681373e-10
2.395318610126651e-09
1.125753712472033e-08
3.6094789379603753e-09
3.500383038979038e-10
2.0161996516776526e-09
3.4375231550143326e-09
4.887725779667562e-10
1.2572417773526467e-08
9.326291960931599e-10
1.2019828687925838e-08
8.830546849303289e-10
3.3388969367109667e-09
3.2618788226024265e-10
4.5059883602149853e-10
2.065729587386045e-09
1.1364101881738975e-09
1.5756283389123382e-08
2.373140572942134e-09
8.968158993205577e-10
2.8819764352761013e-09
2.84655676807688e-09
7.563518700237637e-10
4.893135896466561e-10
2.5352695498526145e-09
6.551439946100857e-10
3.5744254223146754e-09
3.10444292495049e-09
4.995076796632247e-09
4.3170835795081075e-09
5.744985598354901e-10
1.7356187598238648e-09
7.242332844548116e-10
8.163837605934532e-09
1.1687982803820773e-09
1.1672939947970917e-08
2.547345112624555e-10
1.1660995502538185e-09
8.960184594286602e-09
1.0113607729067553e-09
1.9627562153345934e-07
7.432926274475449e-09
4.7545403170090594e-09
2.7292901272346626e-10
5.587983409327535e-09
1.3402469356549318e-08
1.7380930472654654e-08
1.6301468855339785e-11
9.145940005339526e-09
1.829484785886848e-09
8.120579209069945e-10
7.999794604529598e-09
1.6663285196116817e-09
4.902209305157612e-09
1.8627419606787043e-09
1.6133521185679456e-09
4.983712553752184e-09
1.251963066550843e-08
1.9103994830516058e-08
1.4601524433999202e-09
4.679903131687979e-09
8.415029562058862e-09
8.892334646404265e-10
5.9316693779010166e-09
3.8600489471463106e-10
6.233781046915965e-09
2.2036183988660696e-09
3.2109170877703264e-09
3.963156913755483e-09
9.56979384625356e-09
3.865613162901127e-09
1.2761461887222936e-09
5.186605811502432e-09
1.9134074324966832e-09
2.6605551095570945e-10
7.847855698628337e-09
9.673650769315145e-10
3.738206411085798e-10
4.755802862632663e-09
1.7081661640716561e-09
4.4906145468814884e-10
1.987898068378513e-09
1.1386634968246767e-09
2.470635251938802e-09
1.0988089327312878e-09
1.2113912095657042e-09
3.930124670148416e-09
1.1771865704446327e-09
4.3889496481597234e-09
2.520302633257643e-09
3.018618910388682e-09
2.2197628457565344e-10
6.042740752221221e-10
3.0720281873897193e-10
2.3807420035382165e-08
1.0328491395483752e-09
3.435356443759474e-09
2.8243141159123297e-09
1.509731362148159e-08
7.1879302510069465e-09
8.014350072471643e-09
1.6062381646975155e-08
4.318657875757026e-09
4.34669411575328e-09
2.1282808848610557e-09
6.880336744785609e-09
1.2555164685679188e-09
3.06980147968261e-08
2.07831707399464e-08
2.4700081979744937e-09
1.5924074281414846e-09
2.976940027821229e-09
1.7444276023681482e-09
6.1787114313816e-10
1.1923421139314883e-09
5.01053065704582e-09
4.51039788851304e-10
8.691952935180325e-09
2.5552768789793845e-09
1.473364430459867e-09
1.3189884739972513e-09
4.347134041626788e-10
7.66282870490187e-10
2.573473434352991e-09
3.894403022286497e-09
1.3379027663518173e-08
2.2261428256342697e-09
2.830867984471297e-09
2.972854673544134e-08
9.351374785637745e-09
1.3169835222370807e-09
1.0681915352250826e-09
4.606942827223293e-09
1.303054192325348e-10
4.271972497971177e-10
3.7915541817312715e-09
2.6001956143772986e-08
6.4176735037335675e-09
4.547843879265656e-09
6.81724587892063e-09
3.523607849942323e-09
1.4116367630379045e-08
3.324471531396256e-10
7.388472056391038e-10
4.58882487563983e-10
7.57233742376684e-09
1.3925068875764168e-09
2.2569826896301493e-08
3.953365190767499e-09
6.293718435301798e-09
9.406208256734772e-09
7.191418571750319e-10
1.148159789465808e-09
1.2991155928787634e-09
5.183635742866954e-09
3.484644350848498e-09
6.385065365321907e-09
2.7789623935348118e-09
2.4238544504839865e-09
1.9930324057781945e-08
3.017170069341546e-09
1.2860104092737856e-09
2.6615268211571674e-08
1.923276649051786e-08
4.813890619459471e-09
2.1346959755419448e-09
2.8801480311813066e-08
1.0787554849400749e-08
2.38712077882397e-10
4.519333351993282e-09
1.3515533137109514e-10
1.0183793364149096e-08
2.2992554526979347e-09
2.500113893688649e-08
4.318117863277848e-09
2.525432307720621e-09
3.314508489893342e-08
4.29281898917111e-09
4.6808192877279e-09
1.5925801788441163e-09
3.400851822377149e-09
3.151311878113461e-09
1.0531830518800689e-08
5.189174423492204e-09
8.783594407368867e-10
2.1948456940812378e-10
1.5139159925681156e-09
2.4954263100340768e-09
1.012845718406652e-08
3.5188969516042334e-09
8.69565823791163e-08
6.878481784156065e-09
1.7963308618362817e-09
2.7088007392706004e-09
5.803773017731828e-09
2.3440984708855694e-09
6.629869431229451e-10
3.9259617778952816e-09
5.288037230322118e-10
2.3052186548522258e-10
4.1716097243238437e-10
4.833734523757016e-10
4.920946317099606e-09
1.669853588737169e-08
5.629948507390736e-09
3.595864050964792e-09
5.799147273499727e-10
1.663323034861719e-09
5.625566124045633e-10
1.0346281165141136e-08
2.5881060849997084e-08
3.789451419322631e-09
4.396925323835177e-10
2.0510781961746716e-09
2.5791673241570834e-09
2.3764945566995266e-09
7.86860976376147e-09
1.6571362060346928e-09
1.5373023964926347e-09
1.7020258813449374e-10
8.083152813753713e-09
5.592450058600207e-09
2.2680028965993415e-09
7.904274568204528e-09
1.5222445526319461e-09
2.605836435520814e-09
5.030409866435548e-09
1.3550604194279003e-08
1.8357212416830748e-09
5.472655106864011e-10
9.958716074009999e-10
4.820019938733822e-09
1.2095418355784204e-07
7.306761418135466e-09
2.5040405304821434e-09
9.26130394596214e-10
7.172727745086149e-09
6.777762351362071e-09
1.7089356596500238e-09
2.1534150018709397e-09
1.1086633833201631e-09
5.192246632645947e-09
1.2372444402330984e-08
7.486489650432304e-09
2.1187970489222607e-08
7.803987456256323e-10
1.4520515900784403e-09
5.212758669159712e-09
8.087678859958203e-10
1.3773340246103771e-09
5.3186532511517726e-08
1.857161424645426e-09
5.594155694232938e-10
2.1839660746536538e-08
1.869679344679298e-08
3.733485964829697e-09
1.6286150206212824e-10
4.80681583425735e-09
9.650678034489601e-10
3.795481151591673e-10
6.043221922880093e-09
9.210897600198109e-10
1.1175184511102998e-07
8.175626842188422e-10
8.563492137625417e-09
4.249335550099431e-09
9.400408229609525e-10
1.733518750768326e-08
3.1116381693507833e-10
4.531935271501197e-09
3.92525567605162e-09
1.0264822769556758e-08
