6.7680967497096844e-09
1.521368142576307e-09
2.6185171808634777e-09
4.332120440153631e-09
1.4257078850832272e-10
2.1130197591645583e-09
2.820472300157917e-09
3.5799434527916674e-08
1.3563891343437717e-08
4.84591167193571e-09
2.1388636639585457e-08
8.487042180149729e-09
1.105059332928704e-08
1.6123170576420875e-09
4.066744274666689e-09
5.803163283246704e-09
1.257468795756722e-09
5.620314436072249e-09
2.243406127533376e-09
2.1308494968508285e-09
2.881257898934564e-09
8.084447777889636e-09
6.02954841610881e-09
3.6657912261262027e-09
2.7345743447426685e-09
3.972104867244752e-09
2.891458461551366e-10
4.113680773798478e-08
5.613642439783462e-09
1.6939839531104894e-09
4.785879692548178e-09
6.84399203976227e-09
1.862914933425941e-09
2.29533059226128e-09
1.1303315616828513e-08
1.5900677441393896e-09
7.127433754305912e-09
4.7850914342006945e-09
4.059859115557174e-09
8.601120704554432e-09
1.26009309653341e-08
7.857006156797297e-10
1.6028681715241078e-09
6.8631593741486085e-09
2.59068411168073e-09
4.670121178662612e-09
1.7149956121897958e-08
2.9389800815238232e-08
2.2973278834825805e-09
3.9504715942939583e-08
1.0568298458579761e-09
4.184222412995098e-10
9.235219700087782e-09
4.51099435583302e-10
8.639741144733648e-10
2.6672133390803765e-09
1.7400820784274629e-09
7.879878416439112e-10
2.601278481506597e-08
5.958817439477571e-09
1.900803070498114e-09
2.5942332726458517e-09
1.6821950055145862e-08
8.556090946854056e-09
8.510420812513075e-09
5.789732027139394e-10
1.982884301199306e-09
2.5893460708914517e-09
3.1501361519303828e-09
4.230854955267205e-08
6.009799324857568e-09
2.642438934330471e-09
2.1627599711138146e-09
1.0170536635101257e-09
1.675809890855362e-08
1.5425465349494516e-09
2.9625990549675407e-09
2.1099291203086068e-08
2.8978591970485468e-08
7.676017155233694e-09
1.2413902128471932e-09
1.2765331014463754e-09
1.8007197954972298e-09
2.1120480919734064e-09
4.453553970051871e-09
1.5156889077161395e-09
7.234947085876797e-10
1.4937766579237177e-09
2.2170477009808565e-08
1.0292730001637551e-09
1.2767020329818024e-08
2.5360460398360374e-09
8.981547727771044e-10
2.1214310308437234e-09
5.441048722687469e-10
7.905990528911389e-09
1.887358491714508e-09
6.356455806155736e-09
3.660017844353547e-09
4.954644694521448e-09
6.998229107324505e-09
1.7151590148145601e-09
3.500555401103611e-09
2.326891568316114e-09
2.865088610803923e-09
7.762671394573317e-09
6.619079062630817e-09
7.812635871573548e-09
7.234677745771023e-09
5.553038029404433e-10
1.6644595035586462e-08
2.3758998324296954e-08
3.375166368613236e-09
2.084095562793209e-09
2.3254720815657492e-08
2.3012818317624806e-09
1.020393658457408e-09
7.499833643009879e-09
4.615322790613163e-09
8.391469741297897e-09
3.5013478782985885e-09
5.091294053016782e-09
9.3767420494828e-09
1.423795192856403e-09
1.7522544526471506e-09
6.799414919989033e-10
1.1177041514542907e-09
4.474515424846004e-09
5.325755947360733e-10
3.0249822646766233e-09
1.3250660124697333e-08
4.231422323641709e-09
7.216330866199883e-10
2.317561698106374e-09
3.911210910700902e-09
6.464950241813483e-10
1.458843801316334e-08
1.075987632326303e-09
1.3692706524182086e-08
1.4454422103682418e-09
3.791254421514623e-09
5.378809619926983e-10
5.43779632433683e-10
2.3649557867599924e-09
1.9962054231825732e-09
1.7884371317222758e-08
3.1147955326105148e-09
1.1003166155987287e-09
3.588166430645856e-09
3.2522196047324314e-09
9.077546492264332e-10
6.033144539507873e-10
2.912068808313961e-09
9.979492787692834e-10
4.421176758029333e-09
3.6701219841006605e-09
5.76647840588862e-09
5.033192973513678e-09
7.082083808285233e-10
2.0939276978992893e-09
1.1611832606561734e-09
9.347453477914769e-09
1.3487888583796348e-09
1.3261862719105011e-08
3.677833870785463e-10
1.4572381079602792e-09
1.0158197838450178e-08
1.243961933461435e-09
2.234836387060568e-07
8.737999657171258e-09
5.499601218872385e-09
3.159132400121223e-10
6.44293018936537e-09
1.5781072448817213e-08
1.99253626931295e-08
7.093384768452893e-10
1.0566343355833396e-08
2.1171293607125108e-09
9.600628070316475e-10
9.261753142197904e-09
1.954239436940952e-09
5.8239120193093186e-09
2.5533666292432144e-09
1.927701331894127e-09
5.670747871278081e-09
1.4421605243342128e-08
2.2108862296477128e-08
1.7414198971721362e-09
1.293849205552533e-08
9.646969445498144e-09
1.05238329162205e-09
6.7795826730332465e-09
5.539204650517604e-10
7.0964629728109685e-09
2.739954041430792e-09
3.762150591057889e-09
4.508375006651022e-09
1.1771637886681674e-08
4.451153223783422e-09
1.6875735253663038e-09
6.445095568352599e-09
2.2102208951935154e-09
4.09412392876618e-10
9.164746295198256e-09
1.1578671355039205e-09
1.1126580767850669e-09
6.2781384535526286e-09
2.0350701124272064e-09
6.056729562331498e-10
2.3824127115545934e-09
1.5753631732451367e-09
3.059322795095909e-09
1.444665942429424e-09
2.066335991202095e-09
4.593702307431613e-09
1.3432431833493297e-09
4.99038810275465e-09
3.4435423401646403e-09
3.456827268877305e-09
3.8636943644476673e-10
6.974963939754275e-10
5.399963254326678e-10
2.783686170459987e-08
1.326667553591676e-09
3.921142521789989e-09
3.201283238496444e-09
1.7413011477174223e-08
8.252664329688741e-09
9.214327079121176e-09
1.8283078162539823e-08
4.955961863117864e-09
4.991527635667126e-09
2.4474551274522582e-09
8.064934498008824e-09
1.5577339418371139e-09
3.482491450768066e-08
2.3612926725036232e-08
2.8553905906392174e-09
1.8260450929119543e-09
3.4821407979279684e-09
2.219042727347187e-09
8.623199376778246e-10
1.4059603481442196e-09
5.732279539927276e-09
9.534648626186026e-10
1.013431916163654e-08
3.232299095046187e-09
1.9158885589121155e-09
3.487366395660274e-09
5.873897479524715e-10
3.133028281254724e-09
3.051815022914184e-09
4.622284333066773e-09
1.5486040894074904e-08
2.601578064087562e-09
3.242476953602136e-09
3.376836232860114e-08
1.0941158201660528e-08
1.5212666681918563e-09
1.2851912867262172e-09
5.354491960929408e-09
1.8909221410901011e-10
5.196952868047333e-10
4.915363227553371e-09
2.9617140739901515e-08
7.375291488642688e-09
5.191010732374934e-09
8.224255054756213e-09
4.206931247807688e-09
1.6096047161795468e-08
5.733442609567874e-10
1.4060210773436665e-09
5.369876210359337e-10
8.988221722461276e-09
1.7735740653890275e-09
2.5620497723366498e-08
4.525436914093461e-09
7.564259441039667e-09
1.1004407163284213e-08
8.801897544152837e-10
1.4098030520770521e-09
1.5537520159369933e-09
5.948877390693497e-09
4.37699476663056e-09
7.521109068875376e-09
3.4567952944541958e-09
2.8129418794264893e-09
2.3888906852675973e-08
3.5228722161662063e-09
1.6095234034452233e-09
3.0661453820357565e-08
2.215401906369152e-08
5.495579991077193e-09
2.5538722248086287e-09
3.3410799460398266e-08
1.335051358353212e-08
1.086227774393933e-09
5.3697215562920064e-09
4.1273023887455906e-10
1.1625714613217042e-08
2.7408977310017235e-09
2.8466075718824868e-08
4.986772328408051e-09
2.898356443736816e-09
3.778564661160999e-08
4.8918211703607994e-09
5.398433700065652e-09
1.8378286670284183e-09
4.263876363097552e-09
3.6740248621214278e-09
1.220280498870352e-08
6.376869254864914e-09
1.150967543495085e-09
4.41084724300822e-10
1.7888456271819564e-09
2.965305112567762e-09
1.151782225150555e-08
4.212561410810167e-09
9.887536123187601e-08
7.852666072949432e-09
2.0420827251399487e-09
4.421000010523812e-09
6.86128975857514e-09
2.7213913345036644e-09
8.061768475009501e-10
4.491435667830501e-09
1.189332410334032e-09
6.05473782222532e-10
5.864280172573899e-10
6.925959805670345e-10
5.73928771174792e-09
1.9343557866591254e-08
7.300530846521269e-09
4.893630389801729e-09
7.24256432604875e-10
2.0855450699741596e-09
6.412089748053518e-10
1.1911104103035086e-08
2.9476751706170035e-08
4.301311307131073e-09
6.148969111663405e-10
2.346708605216463e-09
3.0436559939062136e-09
2.7353983522715453e-09
8.99839935897262e-09
3.1938183209234694e-09
1.7989484346614404e-09
1.0397268601636256e-09
9.158832803279893e-09
7.3157893076825076e-09
3.1345486206646456e-09
9.193117378458737e-09
1.923218029276086e-09
3.165407047589497e-09
6.530908258639556e-09
1.6004596758989464e-08
3.5323439728784933e-09
1.2595673393178686e-09
1.293722018402832e-09
5.763758359478288e-09
1.3784745078737615e-07
8.371217496971894e-09
2.8675131158450995e-09
1.0688652185564251e-09
8.14687339811826e-09
7.717904537685172e-09
2.1982335951520326e-09
3.1503732955684427e-09
1.8825678793632505e-09
5.989035489761818e-09
1.4588948715754668e-08
8.901590575760565e-09
2.4086727279382103e-08
9.028068292948888e-10
4.392799013430704e-09
6.039420519243777e-09
2.4852293556421046e-09
1.6337278196942862e-09
6.042269262707123e-08
2.4329882553075777e-09
6.767481020020227e-10
2.483539951469993e-08
2.1343748102253812e-08
6.459047963147668e-09
4.934495589914434e-10
5.537918568165878e-09
1.5284564724993288e-09
4.775923545530247e-10
6.917876049783445e-09
1.1090816043335394e-09
1.2741102750624123e-07
2.3047732611303218e-09
9.885543050813794e-09
6.055223877865501e-09
1.1564789126339292e-09
1.9904344839005716e-08
3.7337863356690093e-10
5.324762852865206e-09
4.57274040854827e-09
1.1675280298106827e-08
