6.107086392148631e-09
1.3272960508459164e-09
2.354750616717638e-09
3.742141263529675e-09
1.0065974442863279e-10
1.4651897473072495e-09
2.2802477683825373e-09
3.2199530153320666e-08
1.2138941407613402e-08
4.3059706911208195e-09
1.928566462083836e-08
7.495103204746556e-09
9.553531299388851e-09
1.4113523683079165e-09
3.6593934549244977e-09
5.157286153689711e-09
1.1186803705598436e-09
4.824361354849316e-09
1.9050336863557504e-09
1.4653973590128544e-09
2.592799308587246e-09
7.154078218718496e-09
5.217131615609105e-09
2.7049142925505976e-09
1.3807064380699785e-09
3.5758267458163573e-09
1.6927109713904542e-10
3.705442352952559e-08
5.0303219367719976e-09
1.5158556632144382e-09
4.294179234420881e-09
6.071446012612114e-09
1.6522940793350926e-09
1.8383440325564493e-09
9.575205517364793e-09
1.395477178256499e-09
6.2180340876238915e-09
4.1534189421099654e-09
3.2136679983807426e-09
7.654640477028352e-09
1.134251093048988e-08
7.053457817818298e-10
1.3258131259519246e-09
5.709510197959844e-09
1.9937760331600884e-09
4.161150535253455e-09
1.5271188757992604e-08
2.3810679650182465e-08
1.9887114177663534e-09
3.560460726248493e-08
8.500073978012779e-10
3.375051627063641e-10
8.212750479685837e-09
3.7279940245937837e-10
6.882656666817866e-10
1.1289668089276006e-09
1.5198052816245422e-09
6.470248781198507e-10
2.314430780359089e-08
4.986379753546544e-09
1.6639812860930192e-09
2.3262565207460284e-09
1.5155016797052667e-08
7.287241921005716e-09
7.603807361533654e-09
3.9757178105226387e-10
1.7818468922570219e-09
1.9833346076580938e-09
2.831972212291589e-09
3.811739901493638e-08
4.890247762290301e-09
2.3249584479856367e-09
1.9221553237969147e-09
9.021555724686436e-10
1.4585573637759808e-08
1.3334872095427386e-09
2.559428224913063e-09
1.877418931428565e-08
2.6093243121749765e-08
6.740172864283522e-09
8.183239641468276e-10
1.134683236259093e-09
1.4258150216051035e-09
1.7894000725604542e-09
3.80956732826121e-09
1.198621979447978e-09
5.49020662266031e-10
1.2319314457442943e-09
1.9945634477380736e-08
7.784848876646322e-10
1.1434016400357905e-08
2.0118542387592697e-09
7.572299454139397e-10
1.5586953949764393e-09
4.567576594727285e-10
6.916696992931293e-09
1.5413362808303077e-09
5.521784363082816e-09
3.268164405767493e-09
3.663003012022159e-09
5.997286223191622e-09
1.263415261298917e-09
3.123108660574303e-09
1.6466266128389861e-09
2.5378825707633723e-09
6.177918177030506e-09
5.9186406886624354e-09
6.952864062270692e-09
6.524511597660876e-09
2.3445831387469696e-10
1.494978185689888e-08
2.1430702545899294e-08
2.9102709131478832e-09
1.8260389866853188e-09
2.001123000638927e-08
5.40063327392204e-10
8.842570009548467e-10
6.397000706925837e-09
1.8443280236368764e-09
7.566952398008198e-09
2.9998097339500873e-09
4.117342911058586e-09
8.412463614604349e-09
1.278261052561902e-09
1.4537591130903138e-09
5.855222973139007e-10
7.080018238347918e-10
3.916464041964218e-09
4.240968409785495e-10
2.4484556604420504e-09
1.1513375142158111e-08
3.6899387989564048e-09
3.576915708070061e-10
2.0608470485683483e-09
3.5141018983608774e-09
4.994807900615683e-10
1.2858836662132944e-08
9.531484490565845e-10
1.2293381423944538e-08
9.024757607889455e-10
3.4132514592499774e-09
3.3331654103463393e-10
4.6046585988612776e-10
2.1114852088999214e-09
1.1614498252043859e-09
1.6117164491902258e-08
2.425780687431711e-09
9.165416758882827e-10
2.946041632867491e-09
2.9098259357596135e-09
7.729686335444796e-10
5.000337921501341e-10
2.591546088837049e-09
6.695237142473331e-10
3.654093916338752e-09
3.1735145622491245e-09
5.1069299900063925e-09
4.413549525850158e-09
5.870975927635413e-10
1.7739982816067368e-09
7.401398383066748e-10
8.348170155159096e-09
1.194557119887918e-09
1.1938427135760321e-08
2.602928983463926e-10
1.1917984377163293e-09
9.162858027877974e-09
1.0336254074871931e-09
2.0125216337874008e-07
7.600465146140323e-09
4.860929436745209e-09
2.788870523406928e-10
5.713330697432184e-09
1.3708246981991579e-08
1.778001568197851e-08
1.663590792899683e-11
9.35289801162753e-09
1.8699597426063974e-09
8.299070874961956e-10
8.180353283648856e-09
1.7031620558327631e-09
5.01195218660655e-09
1.903959656601728e-09
1.6490042664685234e-09
5.095307287206197e-09
1.2804820315182042e-08
1.9543740847893787e-08
1.492390988566683e-09
4.784598495177761e-09
8.605141488260415e-09
9.08791319975677e-10
6.06485350829189e-09
3.9444950084011055e-10
6.373862770914229e-09
2.252460218343799e-09
3.282387028846756e-09
4.051610158484209e-09
9.78654046690508e-09
3.951860616524527e-09
1.3042904534188438e-09
5.302814631846786e-09
1.9557571118156147e-09
2.7186253248601133e-10
8.024922948379754e-09
9.886542695625167e-10
3.8199718388476356e-10
4.862220848167453e-09
1.7459329537672374e-09
4.58894616750527e-10
2.0319130822343823e-09
1.1637530938912732e-09
2.525461617608471e-09
1.123013904091863e-09
1.2380962921554328e-09
4.017830512736964e-09
1.2031317053740054e-09
4.487044957812714e-09
2.5762434407994306e-09
3.0857585375798635e-09
2.268153997952993e-10
6.175303601807514e-10
3.139140891672554e-10
2.4358829620041433e-08
1.0555903928732846e-09
3.5118865593375403e-09
2.887082795055562e-09
1.5442740419757683e-08
7.349849617810378e-09
8.195243594855128e-09
1.6430449889526244e-08
4.415159349235864e-09
4.443831080891414e-09
2.1754362755643797e-09
7.03520797173951e-09
1.2832022111552988e-09
3.141460069855384e-08
2.1262673399746745e-08
2.5248205748340524e-09
1.627592616237905e-09
3.0431415165566023e-09
1.7830036336263788e-09
6.31427632402648e-10
1.2186238684819273e-09
5.122735124984956e-09
4.6091658267854996e-10
8.888443758792164e-09
2.6120026141995822e-09
1.5058971847281555e-09
1.3480856431158372e-09
4.442305134855218e-10
7.831195691920811e-10
2.6306075096016457e-09
3.981301066602327e-09
1.3684258171053898e-08
2.275488908409784e-09
2.8937841012321996e-09
3.042178775558568e-08
9.563075664686949e-09
1.3460358383454718e-09
1.0917169390722847e-09
4.709981293871124e-09
1.3313421198812847e-10
4.365487971114135e-10
3.876127419033537e-09
2.6605778913335598e-08
6.561958088013853e-09
4.64954164058895e-09
6.970672039585679e-09
3.6021294835819617e-09
1.4438826134721694e-08
3.397134795690704e-10
7.550768899022842e-10
4.68932004338285e-10
7.743075514099473e-09
1.423239526232578e-09
2.309176494463827e-08
4.04159683498051e-09
6.43516973042324e-09
9.619174790032048e-09
7.349358344121981e-10
1.1734602178847808e-09
1.3277705601666412e-09
5.299776173472992e-09
3.562286465808029e-09
6.528604767908064e-09
2.8407118879414384e-09
2.4776318774399897e-09
2.0389617105820435e-08
3.0842768339311988e-09
1.3143740540400017e-09
2.723377079405509e-08
1.9675553630804643e-08
4.921627105858306e-09
2.1819950291046553e-09
2.9472428053622934e-08
1.1032488700379872e-08
2.439186908009816e-10
4.6203840753378245e-09
1.3809040022572105e-10
1.0414739293196362e-08
2.350239336479376e-09
2.558103773253606e-08
4.414606902258811e-09
2.58148813436776e-09
3.3920738218284896e-08
4.388735153071366e-09
4.785535079321335e-09
1.6277691416988205e-09
3.476603449570348e-09
3.221439115463909e-09
1.0770836667006733e-08
5.305441419523049e-09
8.976763776757934e-10
2.2426899226601904e-10
1.5473520242892391e-09
2.550808897439083e-09
1.0358122359832578e-08
3.5973120038335082e-09
8.907001358693378e-08
7.033309934456611e-09
1.836065521843011e-09
2.7689737169822592e-09
5.934039482013986e-09
2.3960873285489015e-09
6.775398575520342e-10
4.013573917660551e-09
5.403947289650546e-10
2.355485806404545e-10
4.262915298536285e-10
4.939627595845764e-10
5.03111463601158e-09
1.708155927815369e-08
5.7562519195641926e-09
3.6760163801830004e-09
5.926332757866248e-10
1.700089513612113e-09
5.748920783865685e-10
1.0580987641617412e-08
2.6481989934268313e-08
3.873976694990233e-09
4.4931930398561803e-10
2.096506079851679e-09
2.63642907505357e-09
2.4292097222655684e-09
8.046152188967426e-09
1.6937649061077309e-09
1.5712594558792148e-09
1.7390594519994806e-10
8.265628181902684e-09
5.717899043133912e-09
2.318286895786059e-09
8.082636782091868e-09
1.555865991598182e-09
2.6636970407167837e-09
5.143065973101102e-09
1.3859840386487576e-08
1.8763357534368197e-09
5.592637464246764e-10
1.0177927389776187e-09
4.9278963132337594e-09
1.239409215259002e-07
7.471405716330537e-09
2.5596160746488295e-09
9.465056516333448e-10
7.334298501859848e-09
6.930284346395865e-09
1.7467196578024868e-09
2.2011330536031437e-09
1.133086957594287e-09
5.3085833506827385e-09
1.2654204795126134e-08
7.655257761030043e-09
2.167707435773991e-08
7.975474169974461e-10
1.484110057070609e-09
5.329562124956055e-09
8.265444439992109e-10
1.4077290444447499e-09
5.445259176894979e-08
1.8982546645673892e-09
5.716817574885624e-10
2.2344240235838697e-08
1.912691693917168e-08
3.816746918516856e-09
1.664038490334363e-10
4.914392004451429e-09
9.86306036843132e-10
3.8785058498191916e-10
6.178952016711037e-09
9.413533286206643e-10
1.145004659974802e-07
8.355338088072983e-10
8.757022662564395e-09
4.34426672413224e-09
9.607243889320216e-10
1.773319624476244e-08
3.179621288484924e-10
4.633272432386093e-09
4.012851828605335e-09
1.0497643643248011e-08
