5.987590867562176e-09
1.3017684707961052e-09
2.3092294743065622e-09
3.6694207672383072e-09
9.875908424383795e-11
1.4369875289688139e-09
2.2361810181337205e-09
3.154525174409173e-08
1.1898420915201768e-08
4.2221421914234725e-09
1.8899406484251813e-08
7.3479551332411575e-09
9.365147768392035e-09
1.3841946477910483e-09
3.5883009896764406e-09
5.056631113831145e-09
1.0971931141412483e-09
4.7302943784188756e-09
1.868281529482374e-09
1.4371911438715301e-09
2.5426261096583858e-09
7.013736702532469e-09
5.1152913016494495e-09
2.652548181103498e-09
1.354143241982797e-09
3.5063776326893503e-09
1.6605941621783415e-10
3.6298139605150936e-08
4.932180885930393e-09
1.486670120343092e-09
4.210582549291075e-09
5.95265836622616e-09
1.6204583230816638e-09
1.802890059465767e-09
9.386385002585484e-09
1.3686275446289642e-09
6.096333216021321e-09
4.072598258630933e-09
3.151332306217114e-09
7.504305621353069e-09
1.1118089560113731e-08
6.918402517541722e-10
1.3003141896561488e-09
5.5979096913461035e-09
1.9552954810819756e-09
4.080177973264654e-09
1.4967065808946245e-08
2.333111481789274e-08
1.950329675537432e-09
3.487884825403853e-08
8.337121548684934e-10
3.3107167007884186e-10
8.051255662167023e-09
3.656888958314397e-10
6.750892067586278e-10
1.107280267476085e-09
1.4905430223421945e-09
6.346428382819624e-10
2.267852927673175e-08
4.8891077852886156e-09
1.6319182671864496e-09
2.2812918221148948e-09
1.485325906713797e-08
7.1442434190771564e-09
7.454487693792089e-09
3.899858769251807e-10
1.747492150983021e-09
1.945057670482697e-09
2.777118979224724e-09
3.733870101996217e-08
4.7948773840289505e-09
2.2800190624394645e-09
1.8850698779715458e-09
8.848536903194315e-10
1.4295410188935875e-08
1.3078396143839655e-09
2.5099078371226824e-09
1.8398429446619957e-08
2.556635259054474e-08
6.6080807492596705e-09
8.026401210337042e-10
1.1128862276166274e-09
1.398376858752215e-09
1.754898337757993e-09
3.73552033750002e-09
1.1755872941776602e-09
5.385247248135272e-10
1.2082517208966692e-09
1.9545813856325367e-08
7.635694299068518e-10
1.120774584251194e-08
1.9730215239377458e-09
7.427244375080022e-10
1.528678073015044e-09
4.480352477909122e-10
6.781087691365428e-09
1.5116560225791886e-09
5.413907100404458e-09
3.2047591247419405e-09
3.591839270455921e-09
5.879972064803951e-09
1.2391254688992603e-09
3.0625495472946795e-09
1.6149009907096001e-09
2.4887834015885346e-09
6.0570144455596164e-09
5.802888392025807e-09
6.8165344480064505e-09
6.396714269385484e-09
2.2999936677425836e-10
1.4652205670984131e-08
2.100030371821049e-08
2.853884017994801e-09
1.7908245997233507e-09
1.9610061130492795e-08
5.297394745085171e-10
8.673006202108979e-10
6.271740016217109e-09
1.8087573661063061e-09
7.4183694742657735e-09
2.9416682423288876e-09
4.037233214404523e-09
8.246970217840044e-09
1.2536837123988676e-09
1.4257788283345008e-09
5.743241437983215e-10
6.94445112525699e-10
3.840312068348339e-09
4.160016775500708e-10
2.4011044263971826e-09
1.1285502310443007e-08
3.6182454810074205e-09
3.508708878996458e-10
2.0210599860348566e-09
3.4458660369551808e-09
4.899374239641929e-10
1.2603739385497192e-08
9.348616325510761e-10
1.204973720803082e-08
8.851676058796443e-10
3.3469973459432367e-09
3.269633730429433e-10
4.516721718861305e-10
2.070710714008328e-09
1.1391346754763276e-09
1.5795787788874804e-08
2.378872210329064e-09
8.989619604271581e-10
2.8889539649412654e-09
2.8534477003461234e-09
7.581595906636096e-10
4.904797679117223e-10
2.5413977589039405e-09
6.567082988517825e-10
3.5831055900104047e-09
3.11196668434377e-09
5.00727193042394e-09
4.327597835640518e-09
5.758691301593899e-10
1.739796195998622e-09
7.259637335721436e-10
8.183963728924937e-09
1.1716010384077435e-09
1.1701963842369878e-08
2.553392497439688e-10
1.1688957579636394e-09
8.982318888683949e-09
1.013783168524185e-09
1.9683292862282542e-07
7.451212979958655e-09
4.766139038991923e-09
2.7357721643639366e-10
5.601653807474349e-09
1.3435917267656805e-08
1.7424639509044937e-08
1.633791366084658e-11
9.168543257942474e-09
1.8338903728931655e-09
8.139997564882151e-10
8.019505948198002e-09
1.6703375349536032e-09
4.9141739566493925e-09
1.8672285939658195e-09
1.617232459061313e-09
4.9958792658344464e-09
1.255081727435936e-08
1.915217850978479e-08
1.4636608591800382e-09
4.691316224381126e-09
8.435788068084094e-09
8.913612625782719e-10
5.946196424133632e-09
3.8692352100078153e-10
6.249063044805325e-09
2.2089359230648142e-09
3.218702415708208e-09
3.972796314144489e-09
9.593471794744346e-09
3.875011866938394e-09
1.279208738935722e-09
5.199277453016293e-09
1.9180175225841367e-09
2.666872833678724e-10
7.86718601375469e-09
9.696814462500924e-10
3.747101240403339e-10
4.767404693239996e-09
1.7122767648203308e-09
4.501311545723752e-10
1.9926895689081903e-09
1.1413934242199275e-09
2.4766051431868163e-09
1.101442714812606e-09
1.2142969962880557e-09
3.939682358122809e-09
1.180009756573952e-09
4.399641984065283e-09
2.526394204949156e-09
3.0259319494518877e-09
2.225027800895063e-10
6.057161439088077e-10
3.0793292915554105e-10
2.386791386754794e-08
1.0353234936033573e-09
3.443694440719014e-09
2.8311502031641567e-09
1.5135119824094545e-08
7.20560189293451e-09
8.034098719633676e-09
1.610267652552011e-08
4.329176128692325e-09
4.3572816466053155e-09
2.1334147781715274e-09
6.897236559666453e-09
1.2585290587452391e-09
3.0776760695516714e-08
2.083573669153793e-08
2.4759767569548785e-09
1.5962368093980217e-09
2.9841504822769593e-09
1.7486264658472805e-09
6.193458523817696e-10
1.1952019374206202e-09
5.022764870687979e-09
4.521141794278094e-10
8.71341043762186e-09
2.561453937843794e-09
1.4769049316853966e-09
1.3221547190411798e-09
4.3574871488871736e-10
7.681145164362135e-10
2.57969512418299e-09
3.9038727805973394e-09
1.341241517849312e-08
2.231515194850431e-09
2.8377200589346785e-09
2.9804709811287466e-08
9.374499398973057e-09
1.3201449933220033e-09
1.0707512654306583e-09
4.61817473151882e-09
1.3061325632168774e-10
4.2821454715458174e-10
3.80076992101408e-09
2.606823557016469e-08
6.433414689865913e-09
4.558929678211143e-09
6.833987598042768e-09
3.5321630065254794e-09
1.4151647853566374e-08
3.332376319331587e-10
7.406127933151652e-10
4.5997569642075575e-10
7.590974071547407e-09
1.3958513234157977e-09
2.2627071771808005e-08
3.962980166249963e-09
6.309149647165668e-09
9.429471425903557e-09
7.208600383279418e-10
1.1509126984776685e-09
1.3022337652657257e-09
5.196299834864249e-09
3.493103362117722e-09
6.4007257272180595e-09
2.7856872364395713e-09
2.4297099887604645e-09
1.998066245789687e-08
3.024479333646468e-09
1.289096940304546e-09
2.6683171228114588e-08
1.928128590122924e-08
4.8256358908815855e-09
2.139845411974761e-09
2.8875176028009264e-08
1.0814323658792091e-08
2.392785414251364e-10
4.530348540754403e-09
1.3547471477970419e-10
1.0209027401231197e-08
2.3048065678210605e-09
2.5064778697014845e-08
4.328633895767098e-09
2.531536535954615e-09
3.3230364238079346e-08
4.30327284917098e-09
4.6922350449563055e-09
1.5964098931675608e-09
3.4091045542083975e-09
3.1589508786566967e-09
1.055794918158881e-08
5.201852282255004e-09
8.804609819001996e-10
2.2000509747321928e-10
1.517554859553627e-09
2.5014568194592357e-09
1.0153550888958307e-08
3.527440339823329e-09
8.719090516251526e-08
6.895377158144811e-09
1.8006559576733139e-09
2.715353719651148e-09
5.817981207911771e-09
2.3497588319543183e-09
6.645700656449094e-10
3.935509251817848e-09
5.300646033212786e-10
2.3106874746936512e-10
4.1815423346136527e-10
4.845254197860527e-10
4.932957597958421e-09
1.674047567234993e-08
5.643723710591075e-09
3.6045968432318887e-09
5.812982872832606e-10
1.6673247227316779e-09
5.638984834632765e-10
1.0371927317009977e-08
2.5947020532157694e-08
3.798661829534922e-09
4.4073975025149537e-10
2.056023573615562e-09
2.585402780752588e-09
2.3822341876922337e-09
7.887990705057746e-09
1.6611229058938193e-09
1.540997884852402e-09
1.7060554358128144e-10
8.103073767529168e-09
5.6061315589772676e-09
2.273477628378373e-09
7.923745215521194e-09
1.5259036256765057e-09
2.612137173230167e-09
5.042692929890791e-09
1.3584431357571702e-08
1.8401421497671322e-09
5.485707443853016e-10
9.982565885024997e-10
4.831781197367491e-09
1.2128657544963062e-07
7.3247310439228386e-09
2.51009213414477e-09
9.283472324206343e-10
7.190360751252456e-09
6.794405038590412e-09
1.7130480367555379e-09
2.1586101794923707e-09
1.1113208131519059e-09
5.204932040925314e-09
1.2403253535353542e-08
7.504910470856885e-09
2.1241595149490422e-08
7.822643643962124e-10
1.4555403549110224e-09
5.2254951476982114e-09
8.107018389935661e-10
1.3806417120676429e-09
5.3326246529650234e-08
1.8616345132116408e-09
5.607498909654396e-10
2.1894992485727016e-08
1.874392019374227e-08
3.742558263297724e-09
1.6324695761849028e-10
4.81854378620028e-09
9.6737839960781e-10
3.8045125383412426e-10
6.058027857136494e-09
9.232943298798091e-10
1.120574495416804e-07
8.195177314540558e-10
8.584625454943762e-09
4.259681940510518e-09
9.422911340095652e-10
1.73787775281653e-08
3.1190336424735676e-10
4.542981546507008e-09
3.934801817706557e-09
1.0290262864032229e-08
