6.363964910605091e-09
1.3825641742570838e-09
2.4530730780014665e-09
3.899051748135207e-09
1.048038461570755e-10
1.5266109487654944e-09
2.375681873445501e-09
3.358264066832817e-08
1.2653314840349594e-08
4.486605309494962e-09
2.0107616904851966e-08
7.811134850044255e-09
9.957579649721993e-09
1.4701362349711644e-09
3.812665294589124e-09
5.373959055532396e-09
1.1651981601801253e-09
5.0270965168408566e-09
1.9845760590442296e-09
1.526842985377641e-09
2.7011290981704406e-09
7.455577488713061e-09
5.436477046316668e-09
2.8185396239166494e-09
1.439254493362796e-09
3.725570962842539e-09
1.7631625326419709e-10
3.864978737055935e-08
5.241576950254512e-09
1.5789868301752108e-09
4.474276060761895e-09
6.326907442399943e-09
1.721155440392863e-09
1.915197556101589e-09
9.980387183361472e-09
1.4535926906589225e-09
6.479822456384454e-09
4.327697311623524e-09
3.3485640926755877e-09
7.977409843817895e-09
1.1822694823138136e-08
7.346002139918539e-10
1.3810891319465668e-09
5.949983616915233e-09
2.0772583653183574e-09
4.3356513934611485e-09
1.592019671647904e-08
2.4831441791661746e-08
2.0717321191909832e-09
3.713648411007853e-08
8.853867639047053e-10
3.514842306096e-10
8.55930704091179e-09
3.8823971815205027e-10
7.1688888159116e-10
1.1771891239575893e-09
1.5831361777074449e-09
6.739041547021429e-10
2.413359645458968e-08
5.196114205574531e-09
1.7333530166752098e-09
2.423387490679829e-09
1.5798857333493288e-08
7.594691098233852e-09
7.924382927626539e-09
4.141261500389959e-10
1.8561192582922104e-09
2.0663879496396476e-09
2.95036928221748e-09
3.9759314063303464e-08
5.0960542452571644e-09
2.422075873198537e-09
2.0023322999662696e-09
9.396297073749338e-10
1.520541736965697e-08
1.3890264494165194e-09
2.666453280397718e-09
1.9574281751033595e-08
2.7210298014779255e-08
7.024116843723505e-09
8.525715133878009e-10
1.1818708234301312e-09
1.48535084232293e-09
1.8640899934752042e-09
3.969365280909187e-09
1.2486243150533483e-09
5.7185567392537e-10
1.2832762630310413e-09
2.0796157684799255e-08
8.109248827992133e-10
1.191817133872064e-08
2.0960295721295097e-09
7.886926667310945e-10
1.6239474209811533e-09
4.756887661550024e-10
7.2081745017271714e-09
1.6056734830627306e-09
5.754032361693362e-09
3.4049574271222127e-09
3.817212768097988e-09
6.249804673785775e-09
1.316238007476045e-09
3.2537894600892514e-09
1.7156590592648513e-09
2.6439397338151593e-09
6.438618083137726e-09
6.1675704543517895e-09
7.24576532107335e-09
6.79912082190981e-09
2.443737989743511e-10
1.5584834756054988e-08
2.2345433947634774e-08
3.032080364562262e-09
1.9022077246688696e-09
2.0865501326738922e-08
5.639981814908879e-10
9.210031626238901e-10
6.666541985111962e-09
1.9236539028355537e-09
7.885894603987254e-09
3.125412595395005e-09
4.290402699780316e-09
8.76746497624481e-09
1.3314422897536815e-09
1.5143966081154758e-09
6.098067606430391e-10
7.376478317056012e-10
4.0806908963020305e-09
4.416901011605745e-10
2.550975208848172e-09
1.2001275528916722e-08
3.8446095196320584e-09
3.727502195793875e-10
2.1468455901896277e-09
3.6612481935094365e-09
5.20235299283911e-10
1.3404281240525506e-08
9.927532129694328e-10
1.2814341587841227e-08
9.403329226387314e-10
3.556137606608445e-09
3.472263587767088e-10
4.795475128105409e-10
2.1996022780967905e-09
1.2103632540672038e-09
1.6802422564410335e-08
2.5274482506887352e-09
9.5467211913558e-10
3.0695075370346103e-09
3.0315134846858882e-09
8.050810573756451e-10
5.207745901181227e-10
2.6998498992014675e-09
6.97498669932628e-10
3.807451687265484e-09
3.3064153637241134e-09
5.321485918585722e-09
4.598790237508865e-09
6.114696526893226e-10
1.8480416086319451e-09
7.711325467063546e-10
8.70046612533315e-09
1.2442524788269793e-09
1.2444139052547598e-08
2.7109486877563427e-10
1.2414719252618056e-09
9.549829371735541e-09
1.0766565416986396e-09
2.1025164187449263e-07
7.921098443830488e-09
5.065073693799604e-09
2.9040092552889973e-10
5.953594062191314e-09
1.4290383099080373e-08
1.8537129164997168e-08
1.7886230690988825e-11
9.748148066535123e-09
1.947957573023018e-09
8.643854521039884e-10
8.525582906315776e-09
1.7741842439633615e-09
5.22262544322416e-09
1.9837289588764406e-09
1.7177849143124035e-09
5.309302331113486e-09
1.3347853489165118e-08
2.03772216877951e-08
1.5546004483724118e-09
4.99347008187101e-09
8.968405573739346e-09
9.46565492654372e-10
6.319986756153639e-09
4.1085573831978195e-10
6.642096206377346e-09
2.3466837362207116e-09
3.419852179220584e-09
4.2214489681668965e-09
1.0200966293893998e-08
4.1175303167051425e-09
1.358759438296886e-09
5.526075597117597e-09
2.0373527309658357e-09
2.831689882576427e-10
8.363593373417189e-09
1.02977681937233e-09
3.983930407791547e-10
5.067115615986495e-09
1.8187762407251284e-09
4.779640572216692e-10
2.1167780861475194e-09
1.2123829717936019e-09
2.6311741674334144e-09
1.1698665369763717e-09
1.2902008350579308e-09
4.186345048395879e-09
1.253173231852145e-09
4.675289044797637e-09
2.6843831602008095e-09
3.2148639306228688e-09
2.3627522161007164e-10
6.431331578404809e-10
3.270382575859543e-10
2.5401241998679325e-08
1.099588642361482e-09
3.6589495877592526e-09
3.0077917934079323e-09
1.6099194866114885e-08
7.659636480639165e-09
8.541053198030113e-09
1.712924735386423e-08
4.600401393162201e-09
4.63028904107432e-09
2.266248522175829e-09
7.331748985706099e-09
1.3366974194184422e-09
3.276337068314206e-08
2.217016259464799e-08
2.6303323963361436e-09
1.6954110337863426e-09
3.170512519190538e-09
1.8575234683737563e-09
6.577347000380485e-10
1.2693508466554704e-09
5.337917663439384e-09
4.803709097167541e-10
9.263942502002465e-09
2.721421976659144e-09
1.5688087495746572e-09
1.4060383968228507e-09
4.626882765812468e-10
8.177418187038654e-10
2.740635274278702e-09
4.148332344300343e-09
1.4265122416645681e-08
2.370539764484647e-09
3.0148028518084402e-09
3.172728568756611e-08
9.967425107504368e-09
1.4020707927997478e-09
1.1371555919126308e-09
4.90775509121022e-09
1.386317866058917e-10
4.546377163627824e-10
4.039080625517499e-09
2.7745173269977386e-08
6.838240196316292e-09
4.844677103932327e-09
7.264673751450346e-09
3.753157340469215e-09
1.5051920598807556e-08
3.5391339858747983e-10
7.86896325877251e-10
4.883525805965405e-10
8.06986300005974e-09
1.4826464500572456e-09
2.4078486760004125e-08
4.211035964374332e-09
6.706352362328971e-09
1.0025922314582658e-08
7.654746281282598e-10
1.2223440037928412e-09
1.3830852019225404e-09
5.522476698160972e-09
3.7118212947717666e-09
6.803626995122158e-09
2.9597300166273044e-09
2.581167501958248e-09
2.1260456506411174e-08
3.213376675859081e-09
1.369187985211795e-09
2.840078749954955e-08
2.0514644205604782e-08
5.128280911037564e-09
2.2731658777530583e-09
3.0737158596139125e-08
1.1500383756413157e-08
2.546964861238621e-10
4.814466159075437e-09
1.4397914804842316e-10
1.0855262466691329e-08
2.4484789751255676e-09
2.667587750693201e-08
4.599852054809617e-09
2.689366729313747e-09
3.537910231443675e-08
4.57283055865787e-09
4.986472568191402e-09
1.6956045456595348e-09
3.6225076271989565e-09
3.356317668234965e-09
1.1226749307979844e-08
5.528749458250104e-09
9.350801244423224e-10
2.336723869955648e-10
1.611851985217072e-09
2.657481790180327e-09
1.0796187943640234e-08
3.748145793736057e-09
9.29712840047614e-08
7.329590712146228e-09
1.912610958498817e-09
2.885937711027964e-09
6.183815681737315e-09
2.4961943623225125e-09
7.056776274438903e-10
4.181826440685654e-09
5.632892485785135e-10
2.455523284705663e-10
4.4401926579951123e-10
5.145318060506554e-10
5.242508205327567e-09
1.7808714503075862e-08
5.999062580031023e-09
3.830705530560863e-09
6.172440891738518e-10
1.7710974908879962e-09
5.987119133799013e-10
1.1028708613025628e-08
2.7616001929686718e-08
4.036304623866727e-09
4.680071885587722e-10
2.1839929864597707e-09
2.746689542476588e-09
2.5306898798760358e-09
8.38556601934215e-09
1.7655318318432478e-09
1.6367469601874518e-09
1.8180872085604705e-10
8.614325253120114e-09
5.959136295530243e-09
2.4155615285792464e-09
8.423737263285602e-09
1.6208288045049812e-09
2.775182750269778e-09
5.359799715165536e-09
1.4448538365741115e-08
1.955889228355545e-09
5.829886573494036e-10
1.0602198008413666e-09
5.135039060633062e-09
1.2941183058501338e-07
7.786352895777782e-09
2.666569409726094e-09
9.858333038792466e-10
7.643349952957124e-09
7.222166864551127e-09
1.8197350293291947e-09
2.293618628357308e-09
1.180739728212643e-09
5.531682223391954e-09
1.3191074010876491e-08
7.97831489762757e-09
2.2602520743930654e-08
8.306583199058082e-10
1.5485216442456817e-09
5.553573156902303e-09
8.622872971209006e-10
1.4663824599026043e-09
5.681346237906837e-08
1.977683350418147e-09
5.953999515639907e-10
2.329859505323384e-08
1.9942120843552402e-08
3.978744445021221e-09
1.7350895720191772e-10
5.120781576550826e-09
1.0276539619269442e-09
4.039246159770471e-10
6.4389391596364476e-09
9.805039002941385e-10
1.1954499257171847e-07
8.714671206888625e-10
9.126826405747579e-09
4.527580532709408e-09
1.000705296405613e-09
1.848831487905045e-08
3.311101115510695e-10
4.827847899235849e-09
4.181143431480905e-09
1.0941678674214472e-08
