17.6477
66.256
41.774699999999996
67.9341
83.8357
82.7389
76.7448
33.554300000000005
47.860600000000005
56.699
18.7786
59.640699999999995
66.4075
65.1141
39.0624
56.3392
57.304300000000005
68.9948
71.8039
82.8726
39.5706
58.628899999999994
67.1053
80.7615
84.3467
37.4985
85.4265
24.2745
47.741400000000006
51.3389
45.849199999999996
57.3478
59.0721
77.606
70.2293
64.23089999999999
64.57390000000001
66.58200000000001
77.7343
54.6008
34.6464
47.3139
75.27010000000001
73.132
79.625
54.5223
52.8089
72.8205
68.0911
18.529500000000002
77.9451
78.281
55.093700000000005
76.1841
78.70920000000001
83.98819999999999
65.778
76.48689999999999
52.5563
72.6785
64.9545
47.837900000000005
28.8092
69.8241
50.9062
83.7825
44.1096
79.82509999999999
42.2696
22.2112
75.3493
62.7847
57.525600000000004
59.5421
63.914
68.7847
68.33210000000001
52.9677
29.246299999999998
62.291
83.8922
57.927
78.5322
72.1882
69.9294
78.746
81.16510000000001
75.6221
34.7061
81.06670000000001
46.9884
78.1093
73.4797
81.4349
74.3021
63.5496
76.3202
65.9864
52.8343
80.343
69.0243
81.5445
53.7095
82.26219999999999
59.4246
76.5475
50.3949
54.7695
24.700799999999997
84.9011
40.770399999999995
16.9671
68.6377
64.5776
66.06739999999999
80.4328
68.4932
69.7681
83.2323
24.9582
69.90870000000001
76.0483
44.7512
46.5122
74.8804
70.2355
84.3476
64.13119999999999
79.0144
76.58470000000001
64.77189999999999
65.3681
85.2112
57.049099999999996
43.3748
80.4951
59.6535
60.310700000000004
42.3237
84.28670000000001
37.339
84.9015
73.1873
53.4863
84.4216
26.1757
78.8933
74.8008
75.2128
50.7146
72.0662
75.7315
56.1717
83.8153
74.3334
67.8825
58.6639
63.3566
75.615
72.1996
84.2713
51.2086
60.2447
34.1125
83.4472
76.4101
20.082800000000002
74.9886
40.1518
65.1494
59.833200000000005
62.9053
57.705600000000004
64.5484
50.5582
55.16589999999999
58.030699999999996
61.271899999999995
69.1563
59.4375
66.36540000000001
68.4114
80.8169
70.7518
42.4977
55.455799999999996
57.373
70.5085
81.3615
52.3714
69.3315
49.7821
83.1272
42.9623
75.3822
65.345
42.5115
72.4282
57.416399999999996
79.8229
74.2859
60.2846
84.4043
63.0416
71.4588
83.58709999999999
78.3028
70.17710000000001
81.32300000000001
71.0697
81.5298
74.8698
79.68010000000001
84.2658
64.3412
50.3083
40.9367
80.4002
53.216499999999996
85.3135
60.938
85.21140000000001
61.2618
78.486
49.036
28.2728
55.8921
54.049
54.9934
39.0284
54.5756
55.1539
57.3063
64.4324
75.69969999999999
34.793
30.1378
60.4077
55.352199999999996
64.9118
77.41869999999999
82.2026
68.19890000000001
51.3303
85.0361
62.3089
76.6364
78.88879999999999
83.38239999999999
81.4063
80.711
68.81869999999999
68.5161
58.2997
64.94550000000001
53.5056
24.527299999999997
63.3682
60.665200000000006
72.1997
62.0826
83.8009
74.2433
77.7168
38.4587
55.076100000000004
48.5134
70.6203
69.8196
43.708
85.1121
84.854
66.6895
67.5649
77.705
22.406499999999998
52.3803
70.1758
63.3319
74.6758
74.7004
71.1026
54.2955
75.7399
65.9558
75.1719
62.2703
67.6118
64.3183
76.4588
53.5146
54.3586
48.6237
70.7108
57.5427
72.8078
80.4648
68.55
83.7783
46.782
70.0027
37.5903
59.1037
55.4818
39.300200000000004
46.0186
58.1706
59.937400000000004
75.6203
63.7554
59.3137
73.21650000000001
79.68799999999999
85.4428
68.51
69.2968
38.3284
70.2852
15.983299999999998
47.853100000000005
42.6654
83.2191
67.0429
62.4659
73.938
51.7737
84.7786
84.5158
82.6144
82.9749
63.304100000000005
58.2149
77.1825
79.84819999999999
76.8483
76.3844
49.6081
55.4607
38.2391
35.4021
82.4533
52.8659
67.6488
57.8246
49.8425
84.1983
65.7401
77.78930000000001
16.3396
77.6425
80.8633
61.5206
77.05760000000001
72.7157
77.4118
65.3262
84.0959
84.6797
79.1563
69.70750000000001
26.6256
52.0713
53.4778
60.5152
35.468199999999996
43.355
78.14659999999999
82.2149
84.3173
58.083200000000005
65.0752
67.9545
32.9392
61.895199999999996
82.4619
60.5009
82.88719999999999
69.4888
14.7658
79.0518
73.3939
34.0536
44.7898
83.0868
83.81230000000001
57.4416
83.9716
77.7059
51.6183
72.42360000000001
29.7164
83.42819999999999
57.6808
80.8667
75.06599999999999
52.0458
72.54729999999999
65.74470000000001
63.1954
38.8904
