237.744
270.75
258.683
251.16500000000002
316.105
268.186
260.414
207.02200000000002
227.601
248.218
215.76000000000002
237.55
232.889
269.577
250.152
244.738
273.589
246.249
263.96599999999995
268.156
256.678
238.43200000000002
244.72
256.851
268.329
250.43900000000002
306.477
203.287
244.773
267.67600000000004
247.673
241.598
266.473
264.43
232.83499999999998
269.767
241.30599999999998
249.145
253.79800000000003
236.997
227.986
281.151
270.673
242.918
262.746
248.79399999999998
223.26399999999998
214.582
263.166
203.43
278.844
295.572
235.642
293.856
282.661
271.564
268.202
283.916
214.9
245.568
266.483
259.423
221.71099999999998
238.211
236.96900000000002
291.97
264.06800000000004
262.825
255.294
202.477
245.867
260.181
263.595
277.671
224.507
270.683
258.413
219.149
210.907
239.697
278.738
273.358
269.161
265.14700000000005
250.817
272.406
286.539
272.041
216.811
280.189
228.736
262.702
281.134
267.22200000000004
290.288
239.215
267.79999999999995
243.608
253.309
251.057
242.003
271.163
254.22699999999998
266.064
258.43100000000004
241.255
241.79600000000002
238.871
237.54500000000002
299.76000000000005
223.02700000000002
212.35999999999999
255.975
264.745
218.162
283.506
278.275
240.74300000000002
262.377
234.76500000000001
255.38899999999998
249.15599999999998
234.64
270.413
268.954
285.856
281.26
250.249
291.411
259.062
229.213
251.417
292.80899999999997
262.272
251.30700000000002
288.33
226.938
276.698
227.0
276.765
251.294
294.765
290.16999999999996
261.63599999999997
271.92100000000005
220.21699999999998
259.109
277.578
255.59199999999998
255.39499999999998
280.77200000000005
288.615
257.903
282.472
251.519
254.32700000000003
245.003
247.922
285.719
265.31100000000004
280.46500000000003
235.163
272.52
226.927
299.644
272.63300000000004
230.412
275.339
161.571
237.38600000000002
245.982
298.825
242.79700000000003
225.75400000000002
220.136
332.163
233.187
264.23400000000004
279.454
235.84199999999998
266.06600000000003
245.507
263.5
266.704
244.173
226.893
218.48000000000002
268.579
244.221
234.624
277.777
241.29500000000002
292.262
239.911
260.701
253.666
248.529
232.37199999999999
249.879
270.743
244.328
263.367
298.637
236.28099999999998
276.221
290.628
245.809
265.626
289.798
262.748
272.703
258.532
273.55600000000004
270.836
249.75900000000001
271.841
246.47299999999998
257.822
254.42900000000003
301.407
284.587
295.625
214.136
274.796
251.74600000000004
253.30200000000002
223.16
237.767
235.68
221.005
247.66299999999998
247.561
261.266
238.896
271.274
200.62099999999998
215.12
258.562
266.597
255.11
265.015
283.852
272.352
244.62800000000001
288.192
234.273
257.822
268.108
268.07
290.379
276.95599999999996
257.89099999999996
249.971
225.659
260.621
255.671
207.316
232.853
270.32
274.37
246.63199999999998
311.34000000000003
291.1
250.217
211.308
240.00199999999998
246.336
239.063
251.89600000000002
223.91400000000002
294.27799999999996
279.588
289.81
237.037
269.24199999999996
212.626
249.25300000000001
240.622
232.738
281.658
272.978
270.74399999999997
244.12300000000002
251.948
240.367
256.28499999999997
258.969
217.79000000000002
254.84400000000002
270.795
211.63899999999998
218.257
245.245
261.401
210.157
229.981
297.294
247.088
308.185
230.572
260.012
212.037
247.811
257.944
206.40900000000002
247.268
246.239
266.78000000000003
252.419
254.0
230.443
244.348
277.711
301.115
267.899
258.471
230.064
251.917
183.752
238.327
263.369
255.869
242.21699999999998
259.606
283.166
249.355
285.15000000000003
299.436
290.964
288.235
245.38299999999998
221.205
242.603
251.04700000000003
285.495
265.966
285.019
230.683
211.386
248.723
290.043
261.731
257.853
259.201
235.817
264.68199999999996
267.575
302.333
230.786
242.70600000000002
259.764
236.117
267.593
257.592
244.786
225.54
262.778
284.46700000000004
275.43
245.834
178.239
237.36499999999998
258.001
276.837
236.549
238.322
265.351
260.542
272.481
244.24
227.345
237.262
214.99099999999999
280.005
265.978
244.226
276.656
269.67400000000004
194.20399999999998
263.721
286.266
214.482
218.35
249.634
305.00300000000004
245.70700000000002
275.25500000000005
293.093
241.023
277.126
180.202
276.681
234.467
247.70600000000002
276.697
220.252
296.763
247.018
249.76100000000002
229.84799999999998
