144.457
189.939
168.352
184.228
212.416
197.53799999999998
192.01
147.25
164.107
176.885
140.799
174.274
174.68900000000002
188.851
164.56
175.434
183.649
182.505
191.182
197.572
166.117
174.15900000000002
180.99599999999998
191.708
197.81199999999998
163.333
211.783
140.26500000000001
170.039
177.755
169.399
174.81
183.561
194.016
175.88
188.248
178.273
182.731
189.31300000000002
171.55200000000002
155.856
176.196
195.319
182.425
194.131
175.695
164.517
164.61
188.846
136.7
199.47400000000002
203.99800000000002
171.236
202.24
201.058
198.878
188.948
200.06799999999998
159.93099999999998
183.638
187.90699999999998
173.518
149.857
178.764
169.496
206.834
171.173
194.247
168.179
138.648
184.62300000000002
184.553
181.73
186.184
169.162
191.52700000000002
187.307
162.436
146.403
176.458
202.387
184.109
196.35
191.805
185.001
197.69400000000002
203.6
195.946
152.06
201.486
164.065
193.473
197.345
196.70499999999998
200.11
176.79500000000002
194.798
179.99499999999998
175.857
188.577
180.45600000000002
198.36100000000002
176.725
196.416
181.72
182.401
170.883
172.383
150.39
209.52200000000002
158.105
132.853
186.534
187.14700000000002
165.83
201.231
193.258
180.093
194.17000000000002
150.07899999999998
186.935
186.518
164.81799999999998
174.157
194.545
196.078
203.535
181.92
203.543
191.37199999999999
172.10500000000002
183.067
207.77200000000002
181.083
168.298
203.697
169.005
186.641
160.556
201.75199999999998
163.352
208.334
199.176
178.338
199.684
147.437
192.161
197.208
189.34500000000003
174.869
196.296
200.761
179.429
203.74200000000002
187.142
185.5
176.873
180.558
199.958
191.86800000000002
203.20499999999998
168.97699999999998
185.786
155.16
208.69099999999997
196.524
145.226
196.657
96.9439
176.60600000000002
177.862
192.116
175.481
170.074
161.92100000000002
190.895
171.474
184.643
193.973
173.382
188.71699999999998
181.915
194.909
191.516
165.994
167.399
163.585
191.963
183.625
169.41899999999998
193.70499999999998
170.345
206.511
165.208
191.623
183.929
167.026
176.237
177.893
197.571
183.51999999999998
183.691
209.094
175.183
194.75
205.717
185.297
190.831
204.648
190.35399999999998
198.961
190.50900000000001
198.55999999999997
199.177
181.844
177.60899999999998
165.33800000000002
192.079
176.41299999999998
210.43300000000002
188.492
208.754
162.051
198.42000000000002
172.816
155.892
165.66500000000002
171.58
171.203
156.29999999999998
175.371
175.697
181.018
177.048
195.72899999999998
112.146
148.552
182.439
180.817
184.21599999999998
194.18099999999998
203.37
191.613
172.363
206.108
173.905
190.845
196.102
196.916
204.86499999999998
198.982
187.36700000000002
183.984
167.847
186.132
176.945
142.012
173.588
185.65499999999997
194.72500000000002
179.32899999999998
211.513
200.243
187.51100000000002
151.732
172.98
171.03
179.51
185.422
160.14999999999998
208.302
202.964
194.14100000000002
177.33499999999998
195.972
142.424
174.434
180.18300000000002
173.51500000000001
198.245
195.781
192.987
174.044
187.812
178.42
189.642
183.832
165.889
183.761
195.92499999999998
158.34300000000002
162.45200000000003
170.806
189.67600000000002
158.586
174.882
205.646
182.708
210.863
164.66400000000002
188.782
151.617
178.13799999999998
178.975
149.734
169.428
177.06199999999998
184.282
188.001
183.116
170.676
183.2
200.009
210.381
190.56
187.835
159.032
185.65200000000002
124.819
168.139
169.83599999999998
191.584
179.778
184.161
198.15
174.048
204.818
209.122
205.809
205.211
179.475
165.405
183.291
188.434
200.738
194.133
178.697
169.211
151.655
161.308
205.437
177.847
186.733
180.845
168.46800000000002
196.096
188.75
205.167
136.92399999999998
183.439
193.182
174.48
195.036
189.188
184.548
170.162
195.12699999999998
204.487
198.988
182.607
128.304
170.31799999999998
177.5
186.836
158.795
165.02800000000002
194.632
193.839
199.927
176.253
171.14
177.594
150.26
188.55700000000002
195.379
177.527
200.19899999999998
191.665
130.25900000000001
194.328
198.481
150.74
158.276
188.005
210.07899999999998
176.43800000000002
201.019
203.096
171.36399999999998
195.61999999999998
130.639
200.57
171.911
186.834
197.101
162.64000000000001
199.912
181.42
181.197
159.36800000000002
