103.69
151.315
127.77900000000001
150.178
171.124
164.432
158.517
114.944
130.252
140.543
103.117
141.43900000000002
145.289
150.154
124.561
139.807
143.329
150.051
155.308
164.518
125.49099999999999
140.776
148.387
160.522
165.187
123.194
171.89499999999998
106.517
132.184
137.286
130.691
140.22899999999998
144.38400000000001
159.928
147.489
149.314
145.961
148.79
157.786
137.266
118.73400000000001
134.259
159.062
152.305
161.10399999999998
138.70499999999998
133.432
141.707
152.081
101.54100000000001
162.40099999999998
164.49099999999999
137.456
162.427
163.531
165.46800000000002
150.64
161.732
131.25
152.65599999999998
149.699
133.428
112.885
148.751
134.159
168.93800000000002
130.28400000000002
161.265
128.015
104.64800000000001
154.4
147.12
142.77200000000002
145.62800000000001
141.404
153.53300000000002
151.644
132.614
111.982
143.914
167.178
143.88400000000001
161.471
155.78
151.678
162.161
166.128
159.54399999999998
117.513
165.212
129.656
159.982
158.721
163.315
160.393
144.784
159.493
147.407
137.554
158.72
149.13899999999998
164.144
138.489
163.657
143.99
153.749
134.313
137.686
110.352
170.844
123.631
94.2574
151.528
149.15900000000002
140.436
164.84699999999998
153.983
149.368
162.63
110.38499999999999
152.471
155.62300000000002
128.475
132.873
158.495
156.1
167.92000000000002
147.081
164.762
158.131
143.31
148.244
170.23499999999999
142.23
128.757
165.751
139.173
146.257
125.498
167.105
123.112
170.21800000000002
159.272
138.869
166.202
110.246
159.802
159.546
156.517
135.85
157.338
161.53500000000003
141.06
167.711
155.114
150.661
141.808
146.113
161.14600000000002
155.811
167.736
134.16500000000002
145.898
118.116
169.453
160.282
105.458
159.439
63.4126
145.571
142.93
150.09
140.69799999999998
142.172
131.018
146.074
139.346
146.16199999999998
154.64700000000002
140.958
150.93300000000002
149.468
162.11
154.76500000000001
127.40599999999999
136.09199999999998
135.305
154.76999999999998
155.858
135.06699999999998
154.65300000000002
133.732
168.42399999999998
127.46
157.562
148.54
127.76100000000001
148.69
141.358
162.747
153.397
145.202
170.193
143.815
156.384
168.535
155.988
154.15
166.637
154.54000000000002
164.406
156.83700000000002
163.091
165.89499999999998
147.18300000000002
136.652
126.15499999999999
160.529
138.024
171.306
147.36599999999999
170.589
136.298
162.306
134.052
114.67099999999999
135.55100000000002
136.923
137.381
121.812
138.629
139.123
142.377
145.38
159.502
72.1549
113.295
144.869
141.019
148.376
159.89000000000001
166.653
153.197
135.397
169.435
142.847
157.917
161.57
164.142
166.77
163.86100000000002
151.96699999999998
150.416
137.88
149.04999999999998
138.41400000000002
107.32
143.287
146.11599999999999
156.85299999999998
144.88400000000001
170.74900000000002
160.411
156.868
119.742
138.10500000000002
133.08
149.536
151.78900000000002
126.218
170.343
167.929
153.282
147.037
160.829
106.089
136.774
149.631
143.234
159.89000000000001
158.895
155.51999999999998
137.97799999999998
156.088
146.74300000000002
156.625
146.54600000000002
141.012
147.843
160.06
130.912
133.30100000000002
133.08800000000002
154.06300000000002
132.70000000000002
148.089
166.951
149.892
170.847
129.73499999999999
153.273
119.124
142.55499999999998
140.442
119.446
130.811
141.559
145.175
156.118
147.263
139.74900000000002
152.73700000000002
163.716
171.427
152.998
152.44299999999998
122.22099999999999
152.171
93.2349
131.644
128.909
161.63
147.854
146.78199999999998
159.372
136.241
168.72899999999998
170.488
167.849
167.827
145.684
136.65
154.462
158.423
162.221
159.245
136.8
136.868
119.565
121.08
167.61
138.26
151.0
142.662
133.127
164.276
150.543
165.375
96.10820000000001
154.712
161.302
142.64499999999998
160.048
155.095
155.20999999999998
142.561
163.729
168.52800000000002
162.949
150.5
102.453
135.19
138.578
146.454
120.283
127.65199999999999
160.511
162.36100000000002
166.27700000000002
141.215
142.961
147.332
115.64
147.94299999999998
162.85
143.232
165.546
154.012
96.2995
160.883
159.133
116.58699999999999
126.169
159.53400000000002
170.529
140.87
166.61599999999999
163.743
135.25
157.321
105.105
166.00699999999998
139.319
158.002
159.67100000000002
132.20000000000002
159.155
147.839
146.24200000000002
122.737
