231.764
265.04100000000005
252.83499999999998
246.04000000000002
308.665
262.67
255.09799999999998
202.393
222.77700000000002
243.031
210.63299999999998
232.641
228.11
263.892
244.54899999999998
239.63400000000001
267.632
241.239
258.527
262.639
250.803
233.496
239.731
251.617
262.737
244.77599999999998
299.526
198.564
239.544
261.77099999999996
242.316
236.57600000000002
260.81399999999996
259.02
228.075
264.069
236.352
244.05599999999998
248.65
232.05200000000002
222.916
274.442
265.082
237.99200000000002
257.376
243.563
218.576
210.106
257.74399999999997
198.593
273.02700000000004
289.077
230.731
287.469
276.731
265.817
262.58
277.92499999999995
210.338
240.588
260.928
253.72
216.678
233.34199999999998
231.98
285.688
258.052
257.452
249.57
197.737
240.886
254.776
257.998
271.54499999999996
219.86700000000002
265.027
253.11800000000002
214.502
206.13400000000001
234.766
272.91900000000004
267.425
263.63
259.682
245.713
266.78499999999997
280.479
266.412
212.001
274.347
223.87699999999998
257.337
275.189
261.741
284.026
234.304
262.296
238.63
247.92700000000002
245.95700000000002
237.08
265.57599999999996
248.837
260.60699999999997
253.019
236.363
236.687
233.888
231.90099999999998
293.01500000000004
218.188
207.034
250.74200000000002
259.23600000000005
213.631
277.204
272.344
235.84199999999998
256.882
229.22899999999998
250.18
244.107
229.613
264.20799999999997
263.412
279.66999999999996
275.312
245.113
285.13899999999995
253.777
224.493
246.26500000000001
286.37800000000004
256.70300000000003
245.757
282.195
222.23499999999999
270.635
222.095
270.992
245.595
288.313
283.89
256.007
266.269
215.161
253.828
271.77000000000004
250.403
249.904
274.81699999999995
282.441
252.45000000000002
276.509
246.418
249.128
239.918
242.832
279.652
259.841
274.55899999999997
230.217
266.659
221.87699999999998
293.002
266.993
224.865
269.60499999999996
156.746
232.52100000000002
240.885
291.746
237.753
221.09
215.452
320.857
228.351
258.688
273.494
230.966
260.53700000000003
240.50900000000001
258.115
261.18
238.852
222.161
213.884
263.004
239.096
229.70499999999998
271.88
236.19
285.971
234.71800000000002
255.37199999999999
248.45999999999998
243.076
227.625
244.667
265.171
239.376
257.82899999999995
292.038
231.422
270.414
284.174
240.824
260.125
283.57
257.349
267.07399999999996
253.26700000000002
267.904
265.221
244.636
265.738
241.04600000000002
252.568
249.022
294.666
278.225
289.126
209.613
269.104
246.336
247.138
218.498
232.8
230.767
216.18
242.46300000000002
242.372
255.731
233.99800000000002
265.668
194.77
210.269
253.16300000000004
260.852
249.864
259.59
277.89000000000004
266.644
239.448
281.92699999999996
229.448
252.565
262.606
262.418
284.12
270.895
252.614
244.877
220.97
255.23299999999998
250.23299999999998
202.513
228.061
264.564
268.63399999999996
241.557
304.145
284.803
245.145
206.65800000000002
234.997
241.066
234.185
246.767
219.085
287.83599999999996
273.64300000000003
283.361
232.192
263.706
207.674
243.977
235.727
227.948
275.71099999999996
267.314
265.12
239.005
246.84
235.44
251.08
253.58999999999997
213.268
249.597
265.20899999999995
207.118
213.635
240.018
256.04900000000004
205.68
225.274
290.437
242.058
300.86800000000005
225.67100000000002
254.69000000000003
207.362
242.66199999999998
252.47799999999998
201.863
241.93
241.119
261.12800000000004
247.301
248.768
225.669
239.395
271.943
294.365
262.312
253.183
225.026
246.79000000000002
179.164
233.263
257.327
250.622
237.266
254.212
277.156
244.066
278.976
292.678
284.697
282.056
240.343
216.592
237.685
245.951
279.451
260.513
278.167
225.875
206.732
243.053
283.798
256.084
252.566
253.739
230.84
259.197
261.98
295.045
224.78
237.784
254.46099999999998
231.251
262.098
252.348
239.822
220.883
257.338
278.31
269.721
240.837
173.926
232.383
252.491
270.775
231.27800000000002
233.178
259.916
255.21899999999997
266.822
239.16799999999998
222.658
232.41
210.19
273.89000000000004
260.349
239.176
270.695
264.055
189.47
258.327
280.142
209.709
213.654
244.508
297.904
240.592
269.535
286.74100000000004
235.951
271.303
175.90900000000002
270.74399999999997
229.604
242.668
270.92100000000005
215.578
290.175
241.97
244.626
224.828
