39.2076
22.8691
34.9772
21.2747
10.9368
10.6452
15.0378
36.759600000000006
32.2337
28.283800000000003
39.1009
26.3307
21.668699999999998
23.59
35.744499999999995
28.401699999999998
28.3989
20.390700000000002
18.8735
10.5372
35.6418
26.9635
21.6278
11.7908
9.39453
36.1674
9.389710000000001
38.449
32.6073
31.3256
33.4423
27.7747
27.3231
14.523100000000001
18.9432
24.188399999999998
23.2026
22.1159
14.0371
29.1443
36.7099
33.1722
16.445899999999998
17.1018
12.9147
29.4377
29.727300000000003
15.7103
21.5024
39.102900000000005
14.682
14.805
28.853
16.310100000000002
14.2022
9.87467
23.1208
15.882899999999998
29.6178
17.5728
23.632
32.7666
37.8509
19.4841
31.046
10.475999999999999
34.2528
12.7616
34.7943
38.7112
15.5213
24.9312
28.128500000000003
27.231
23.042099999999998
21.2166
21.2168
29.523500000000002
37.7062
24.7031
10.0535
28.062
13.969199999999999
18.6146
19.871
13.9026
12.415600000000001
16.2255
36.5812
12.3313
32.6509
14.082
18.0255
11.65
17.5872
23.8418
15.5923
22.3356
30.398
11.8689
20.219
11.6933
29.9555
10.951799999999999
26.973899999999997
14.3839
31.3745
29.100399999999997
38.513600000000004
9.728159999999999
34.905499999999996
39.6877
20.9419
23.8485
21.2365
13.2753
21.5673
19.6282
10.2272
38.4757
20.0335
15.1333
33.6852
33.418299999999995
16.6825
20.5332
9.74444
23.782999999999998
14.1709
15.1114
22.621
22.9732
9.31199
28.3629
34.392199999999995
12.9757
25.987099999999998
26.7742
34.4469
9.66922
36.2133
9.60334
18.4375
30.1957
9.41313
38.2649
13.348600000000001
16.9607
16.0134
31.45
19.091299999999997
16.532700000000002
28.7534
10.216899999999999
16.512700000000002
21.403399999999998
27.1126
24.2406
16.5563
18.6105
9.7869
30.865
26.7484
36.830099999999995
10.9108
15.661999999999999
39.0053
16.7711
40.399499999999996
22.6749
26.4439
25.4877
27.6036
22.6399
30.8278
31.840599999999995
27.1627
25.9758
21.150599999999997
26.4052
22.6997
20.767500000000002
12.0075
19.7348
34.611999999999995
28.4271
27.0817
19.9617
10.9407
30.2558
21.000899999999998
31.641000000000002
11.0059
34.404900000000005
16.0642
23.049500000000002
34.6536
17.1815
27.9276
13.026100000000001
16.2545
26.5613
10.1099
24.0902
19.4439
10.7293
13.235800000000001
20.1288
12.3686
19.3915
11.753
16.3702
13.2203
9.50432
23.625400000000003
31.822400000000002
35.1331
12.1175
30.219099999999997
9.38786
26.5126
9.35756
24.4416
14.1676
32.131899999999995
38.0569
28.078
29.4465
28.9069
35.4341
29.388399999999997
29.0891
28.2074
23.220399999999998
16.1481
40.1785
37.5743
26.3889
29.3142
23.3815
14.6839
11.5369
21.6416
30.994600000000002
9.36836
24.5148
15.0283
13.6637
10.3195
12.317
12.9231
20.8737
20.842699999999997
26.7762
23.5006
30.0889
38.434000000000005
23.7472
26.4599
18.8462
25.0449
10.8653
17.6443
13.898900000000001
35.4689
28.9665
32.287000000000006
18.9134
19.9877
33.902
9.41346
9.29011
22.926499999999997
21.0405
14.599
38.7241
30.5578
19.3159
23.768
17.1435
16.919900000000002
19.5783
29.4594
15.4809
22.2468
16.0688
25.2349
20.115399999999998
23.7812
15.575500000000002
29.0097
28.766199999999998
32.218900000000005
19.6205
26.6734
16.7467
13.416
20.7257
10.7934
32.777300000000004
20.102700000000002
35.7502
26.9272
29.1131
35.113400000000006
33.369099999999996
27.4238
26.832700000000003
15.5894
24.1393
26.3147
17.093799999999998
13.330699999999998
9.27227
21.3367
20.564700000000002
35.7668
19.6431
39.5463
32.448100000000004
34.729000000000006
9.78054
21.585
25.123900000000003
17.715700000000002
30.865199999999998
9.534640000000001
10.0624
11.382700000000002
11.033
24.2019
26.6788
13.956299999999999
12.2629
15.6531
15.4889
32.2221
28.5288
35.539899999999996
36.6806
11.4887
30.516499999999997
21.6581
27.887999999999998
31.511699999999998
9.37173
23.131700000000002
15.5866
39.6455
13.6002
11.828899999999999
25.0955
15.0363
17.9793
13.8849
22.0946
9.384490000000001
9.60968
13.6752
19.863599999999998
37.9024
30.4751
30.142599999999998
26.654799999999998
36.578399999999995
34.248099999999994
14.1429
10.781799999999999
9.514190000000001
27.4254
22.3402
20.7808
36.9933
25.8662
11.0892
25.985
11.0403
20.720499999999998
39.4487
13.393600000000001
18.2015
36.7207
33.374599999999994
9.59289
10.7565
27.8202
9.887039999999999
15.181999999999999
30.7843
18.741500000000002
37.3238
10.556
27.3998
11.2818
16.7483
30.0559
19.0414
22.6012
24.3997
35.594300000000004
