39.143699999999995
22.264300000000002
18.859
24.3382
39.1185
38.9995
33.321799999999996
24.4812
14.4398
13.2266
37.7249
16.4108
23.462699999999998
21.1043
20.7869
12.9614
13.2812
25.5392
28.0341
39.128099999999996
20.47
15.3843
23.7418
37.4491
40.477399999999996
21.959699999999998
40.8234
32.3355
14.694799999999999
12.7089
15.983399999999998
14.0432
15.1432
34.0663
27.3867
20.1801
21.3271
23.121699999999997
34.544900000000005
11.4541
23.9117
15.3153
31.5452
30.2034
36.141600000000004
11.0666
11.5104
31.368899999999996
24.1828
37.7151
34.0306
34.0292
11.9803
31.9683
34.708200000000005
39.9614
21.839299999999998
32.4616
11.6122
29.5967
21.003600000000002
14.7767
28.658099999999997
26.7206
12.7166
39.4503
17.310699999999997
36.335100000000004
18.482599999999998
34.2117
32.4242
18.9502
13.6892
15.3927
21.227
24.6666
24.5216
11.402199999999999
28.118199999999998
19.002200000000002
39.822700000000005
13.8956
34.8613
28.4226
26.3859
34.9889
37.0433
31.8646
23.6829
37.083999999999996
15.0215
34.625099999999996
29.445
37.7718
30.1528
20.28
32.676700000000004
22.717000000000002
11.7324
37.255700000000004
25.716800000000003
37.7685
11.2363
38.6041
15.6506
33.8478
13.0465
11.5685
32.5357
40.3033
19.1696
46.6763
24.8689
20.6344
23.7256
35.9554
24.2489
26.5618
39.4582
32.2699
26.2177
33.0077
16.584999999999997
15.756800000000002
31.197400000000002
25.8186
40.208800000000004
20.5489
34.835100000000004
33.2029
21.9934
21.8565
40.7577
13.2484
17.685699999999997
36.3589
16.7569
16.156899999999997
18.14
40.2507
22.0886
40.4913
28.9389
11.4234
40.4944
30.9715
35.530100000000004
30.9093
31.928400000000003
12.9723
27.906299999999998
31.6129
12.4789
39.6682
31.1764
24.2052
15.2399
19.832900000000002
31.552999999999997
28.430500000000002
40.1517
12.5308
16.167
24.3377
38.999199999999995
32.6413
36.7678
31.1489
73.5107
22.081500000000002
16.3639
18.379800000000003
14.3646
21.8839
12.801699999999999
11.103200000000001
14.9557
17.353299999999997
24.8429
16.2589
22.4799
24.963099999999997
37.2824
26.811700000000002
18.2102
12.601799999999999
14.78
26.4988
38.361
11.8437
25.038500000000003
13.3964
38.820800000000006
17.846
31.936899999999998
21.769299999999998
18.2471
29.8632
13.8927
36.1068
31.3986
16.391
39.9375
19.86
27.3459
39.0604
35.441100000000006
26.215700000000002
37.132400000000004
27.2654
37.7138
31.485699999999998
35.893
40.3764
20.7947
13.3323
19.3191
37.0619
11.5206
40.7866
16.6453
40.7757
18.843700000000002
34.6681
13.9237
29.581
13.154499999999999
10.9412
11.879900000000001
20.418499999999998
11.147
11.7194
13.522400000000001
21.2544
31.9618
69.3314
27.4456
16.620900000000002
11.496599999999999
21.262900000000002
33.8606
38.0993
24.087799999999998
12.536800000000001
40.6569
19.1874
33.2953
35.248000000000005
39.4143
37.2019
36.3559
24.998800000000003
24.9256
15.4491
21.145400000000002
11.364600000000001
32.1863
20.2987
16.625600000000002
28.1971
18.5933
39.1566
30.0792
34.6627
20.7254
11.8401
14.207600000000001
27.5645
26.2311
17.17
40.7027
40.7127
22.339100000000002
24.4195
34.0292
34.2381
11.9624
27.014300000000002
20.2659
30.6958
30.915499999999998
27.0894
10.9604
32.5901
22.787100000000002
31.8639
18.466
25.3003
20.618199999999998
32.7368
11.1749
11.7895
14.1252
26.912100000000002
15.247300000000001
30.4056
35.8251
25.0533
39.0693
15.1766
26.1816
21.4083
15.592500000000001
11.7998
20.033700000000003
15.8651
14.7301
15.9748
32.4516
20.070600000000002
16.302400000000002
30.2423
35.7977
40.8648
24.4691
25.471500000000002
21.09
26.7385
43.064
14.5542
18.2876
39.8501
23.7586
18.646
29.9049
12.3199
40.438
39.9024
38.3539
38.7514
19.8513
15.5114
34.4382
36.7691
32.7905
32.7926
13.8489
12.490400000000001
20.8961
23.587
38.2168
11.7828
23.8963
14.0769
13.3168
40.4585
21.8152
33.0792
46.4003
34.904900000000005
37.4477
18.3379
33.423899999999996
29.225399999999997
34.5764
22.700000000000003
40.4193
40.3448
35.3226
26.311799999999998
29.8557
12.0412
11.3993
16.3568
23.3637
17.561799999999998
34.582300000000004
38.7314
40.383700000000005
14.6976
22.3847
24.785700000000002
25.1206
17.6679
38.5
17.0792
38.6083
25.378
41.859300000000005
35.5405
29.242400000000004
24.185200000000002
16.3846
39.967000000000006
39.0986
14.0253
39.9805
33.5002
12.3391
28.3775
27.3278
39.1785
14.5778
37.911
31.1953
11.9308
28.1197
22.37
19.621799999999997
20.6506
