224.902
258.681
246.111
240.41899999999998
300.025
256.592
249.248
197.366
217.51000000000002
237.311
204.91
227.296
222.943
257.577
238.2
234.007
260.851
235.769
252.54399999999998
256.561
244.125
228.113
234.283
245.887
256.584
238.339
291.58299999999997
193.402
233.743
255.02200000000002
236.346
231.06799999999998
254.45000000000002
253.07000000000002
222.928
257.72
230.956
238.478
243.034
226.649
217.309
266.529
258.869
232.64000000000001
251.48399999999998
237.779
213.494
205.316
251.74099999999999
193.275
266.529
281.797
225.37199999999999
280.221
270.091
259.502
256.339
271.17900000000003
205.421
235.16699999999997
254.73499999999999
247.25900000000001
211.112
228.06799999999998
226.509
278.579
251.152
251.557
243.085
192.555
235.46800000000002
248.772
251.70199999999997
264.626
214.862
258.69
247.282
209.506
200.911
229.38400000000001
266.467
260.682
257.51
253.64100000000002
240.126
260.55
273.705
260.152
206.746
267.843
218.562
251.44499999999996
268.498
255.7
276.908
228.951
256.221
233.2
241.925
240.40800000000002
231.721
259.401
242.813
254.60100000000003
246.99099999999999
231.059
231.056
228.434
225.45200000000003
285.377
212.88899999999998
201.025
244.989
253.103
208.76600000000002
270.157
265.686
230.52
250.85200000000003
222.924
244.461
238.60999999999999
224.071
257.019
257.28299999999996
272.632
268.755
239.466
278.098
247.988
219.39600000000002
240.603
279.149
250.44899999999998
239.542
275.331
217.144
263.803
216.728
264.602
239.10500000000002
281.068
276.73199999999997
249.658
260.034
209.557
248.03
265.27099999999996
244.728
243.75
268.10299999999995
275.457
246.35299999999998
269.913
240.851
243.414
234.337
237.24300000000002
272.801
253.79200000000003
268.033
224.804
260.05
216.28
285.53000000000003
260.721
218.56400000000002
263.20300000000003
151.454
227.232
235.292
283.408
232.212
216.065
210.397
307.80800000000005
223.09599999999998
252.488
266.767
225.661
254.39299999999997
235.054
252.19200000000004
255.06099999999998
232.90800000000002
217.027
208.955
256.788
233.53199999999998
224.328
265.26
230.56099999999998
278.85900000000004
228.951
249.523
242.727
236.951
222.495
238.9
259.004
233.994
251.635
284.58299999999997
226.145
263.90000000000003
276.928
235.411
254.06
276.649
251.409
260.84499999999997
247.502
261.635
259.031
239.008
258.693
234.95
246.815
242.975
287.025
270.874
281.795
204.785
262.776
240.264
239.936
213.454
227.366
225.406
210.898
236.71200000000002
236.641
249.528
228.66400000000002
259.438
188.091
204.947
247.155
254.34099999999998
244.076
253.61899999999997
271.241
260.209
233.745
274.914
224.215
246.82999999999998
256.525
256.195
277.17199999999997
264.149
246.801
239.298
215.89600000000002
249.263
244.145
197.268
222.87199999999999
258.076
262.228
235.985
295.858
277.642
239.624
201.618
229.516
235.231
228.91
241.147
213.817
280.586
267.073
275.937
226.93
257.575
202.2
238.10899999999998
230.411
222.761
269.02700000000004
261.001
258.843
233.36200000000002
241.268
230.08200000000002
245.384
247.614
208.415
243.807
259.007
202.268
208.671
234.226
250.149
200.897
220.196
282.69899999999996
236.561
292.659
220.29999999999998
248.826
202.28799999999998
236.999
246.358
196.95
235.981
235.491
254.778
241.71599999999998
242.99599999999998
220.495
234.007
265.513
286.705
256.124
247.359
219.45899999999997
241.176
174.206
227.684
250.411
244.895
231.88400000000001
248.219
270.382
238.171
272.10699999999997
285.032
277.686
275.202
234.827
211.614
232.349
240.404
272.64500000000004
254.50400000000002
270.141
220.64800000000002
201.686
236.595
276.851
249.70600000000002
246.738
247.637
225.382
253.17000000000002
255.763
286.835
217.795
232.44600000000003
248.65599999999998
225.965
256.025
246.594
234.434
215.867
251.36799999999997
271.46700000000004
263.376
235.38500000000002
169.344
226.923
246.304
263.938
225.376
227.476
253.937
249.38
260.57599999999996
233.593
217.60299999999998
227.145
204.942
266.87
254.157
233.648
264.087
257.777
184.288
252.40400000000002
273.194
204.50199999999998
208.554
238.926
289.89500000000004
234.96900000000002
263.20799999999997
279.58
230.37099999999998
264.767
171.339
264.14500000000004
224.312
237.19799999999998
264.464
210.553
282.609
236.442
238.97899999999998
219.285
