82.5699
130.71099999999998
106.687
130.796
149.49200000000002
145.118
139.353
95.89200000000001
110.761
120.292
82.5619
122.046
127.37499999999999
129.594
103.602
119.747
122.20100000000001
131.191
135.222
145.215
104.394
121.252
129.48499999999999
142.176
146.323
102.199
150.761
87.01639999999999
111.711
116.20800000000001
109.959
120.405
123.433
140.535
130.31699999999998
128.718
126.92600000000002
129.478
139.351
117.593
98.3841
112.92099999999999
139.02999999999997
134.17399999999998
142.079
118.32900000000001
114.678
127.467
131.857
81.5913
142.113
143.441
117.929
141.436
143.046
146.482
130.139
141.119
113.406
134.17499999999998
129.25900000000001
112.51899999999999
92.5102
130.86100000000002
114.148
148.081
109.074
142.246
107.002
85.0712
136.25
126.71
121.89999999999999
124.41199999999999
123.96600000000001
132.941
131.726
114.32000000000001
92.214
124.63499999999999
147.132
122.751
141.822
135.656
132.446
142.304
145.45
139.46
97.7794
144.904
109.994
140.783
138.067
144.004
139.44899999999998
125.751
139.72899999999998
128.412
116.911
140.961
130.728
144.505
117.852
144.506
123.31
136.358
114.012
117.893
89.3797
150.074
103.838
73.574
131.797
128.776
124.247
144.89499999999998
133.118
131.169
144.43200000000002
89.48100000000001
132.843
137.314
108.175
111.661
138.535
135.076
147.774
127.33500000000001
143.864
139.063
125.497
128.609
149.773
121.404
107.811
144.983
120.89800000000001
125.12599999999999
105.509
147.26500000000001
102.096
149.452
138.28799999999998
117.993
146.848
89.8322
141.014
139.12
137.489
115.05
136.59799999999998
140.704
120.385
147.401
136.24
131.021
121.795
126.39900000000002
140.41799999999998
135.678
147.621
114.285
124.856
97.7941
148.25
140.224
84.479
139.133
43.9256
126.98100000000001
122.894
128.739
120.80399999999999
124.716
112.376
123.34299999999999
120.26299999999999
125.444
133.769
121.711
130.532
130.639
143.098
134.457
106.663
117.395
117.839
134.357
139.273
115.307
133.832
113.44
147.53
106.85600000000001
138.206
128.771
106.896
131.84699999999998
121.03
143.059
135.25699999999998
124.413
149.16199999999998
124.954
135.703
148.24499999999998
138.503
133.859
145.799
134.469
144.644
137.53099999999998
143.18900000000002
146.56
127.498
115.47399999999999
105.321
142.05
117.358
150.346
126.12799999999999
149.869
119.95599999999999
142.278
113.354
93.4499
117.313
117.15100000000001
117.84100000000001
102.03099999999999
118.309
118.84100000000001
121.58099999999999
126.527
139.46900000000002
51.1952
93.3001
124.259
120.068
128.468
140.432
146.153
132.524
115.008
149.238
124.048
138.962
142.034
145.46300000000002
145.90800000000002
144.412
132.102
131.172
119.631
128.884
117.717
87.5489
124.815
125.166
136.328
125.07099999999998
149.233
139.43900000000002
138.80200000000002
100.698
118.258
112.569
131.62099999999998
132.452
106.495
149.659
148.17
132.083
128.91
141.096
85.90870000000001
116.237
131.48499999999999
124.767
139.27800000000002
138.692
135.042
117.826
137.462
128.018
137.537
126.12499999999999
125.193
127.867
140.11599999999999
113.61
115.34800000000001
112.619
134.045
116.375
131.62099999999998
146.07600000000002
130.917
149.63199999999998
109.92
133.3
99.93730000000001
122.374
119.74600000000001
100.98400000000001
110.109
121.453
124.253
137.427
127.25500000000001
121.04299999999999
134.44400000000002
143.534
150.568
132.529
132.555
101.899
132.86100000000002
74.4078
111.467
107.734
143.61599999999999
129.14999999999998
126.358
138.663
115.676
148.748
149.726
146.999
147.12800000000001
126.131
118.945
137.08
140.587
141.56099999999998
139.61399999999998
115.399
117.801
100.492
100.126
146.799
117.36099999999999
131.09699999999998
121.93299999999999
113.13900000000001
145.646
130.06799999999998
144.014
74.9986
137.436
142.65900000000002
123.545
140.36599999999999
135.516
137.653
125.283
145.258
148.59900000000002
142.9
131.737
85.8616
115.229
117.806
125.33800000000001
99.6378
107.12
141.103
143.746
146.812
121.23599999999999
125.42
129.255
95.9182
126.883
144.362
123.36
146.206
133.495
76.7083
141.708
138.285
96.9749
107.02499999999999
142.227
149.457
120.779
146.847
142.792
115.051
136.736
88.6579
146.668
120.092
140.707
139.303
113.676
137.961
128.548
126.39200000000001
102.431
