53.2954
13.6496
32.8286
12.1801
16.6082
16.785
11.4641
38.7626
26.8009
20.233
51.958999999999996
17.7636
12.725800000000001
14.410900000000002
35.0717
20.4227
20.2774
11.3927
9.93108
16.9221
34.7463
18.549699999999998
12.57
15.3441
18.3631
36.4385
18.5056
46.8983
27.3944
24.8965
29.123199999999997
19.5862
18.8371
12.0774
10.2425
15.059299999999999
14.184199999999999
13.013
12.5823
21.5534
38.4392
28.492
9.84879
8.92007
14.0592
21.9011
22.5734
10.350299999999999
12.322700000000001
51.824299999999994
11.950199999999999
11.8613
21.140800000000002
10.088099999999999
12.5139
17.7803
13.9215
10.5646
22.5181
8.97836
14.4694
27.648699999999998
43.4648
10.653899999999998
24.570600000000002
17.0972
30.951900000000002
14.258
32.3435
48.669200000000004
10.8209
15.938299999999998
19.9335
18.682399999999998
14.2042
12.012500000000001
12.0763
22.316
42.7645
15.8266
17.5809
19.808300000000003
12.730599999999999
9.704920000000001
10.886899999999999
12.8188
14.758000000000001
10.1168
38.03
14.832400000000002
27.6039
12.5746
9.14599
15.5491
8.7626
14.8818
10.8488
13.2768
23.378800000000002
15.2258
11.2731
15.5166
22.6665
16.3838
18.421
12.111
25.1042
21.4725
47.4407
18.039800000000003
32.815400000000004
58.7936
11.8319
14.710600000000001
12.508000000000001
13.7596
12.320400000000001
10.755799999999999
17.308799999999998
47.1683
11.0004
11.294
29.7434
29.011100000000003
9.5587
11.319799999999999
17.9788
14.727
12.5773
11.3721
13.713
13.8645
18.5482
20.2654
31.3238
14.0908
17.459200000000003
18.095
31.603600000000004
18.0551
36.59310000000001
18.2027
9.46285
23.0138
18.354499999999998
45.7793
13.474699999999999
9.25583
10.2957
25.159000000000002
10.0459
9.80613
20.840700000000002
17.3896
9.67956
12.2809
18.6864
15.2423
9.76895
9.7006
17.9225
24.2786
18.073800000000002
38.901900000000005
16.5725
10.7859
51.2456
9.476379999999999
70.0616
13.6775
17.8321
16.5003
19.3474
13.7759
24.374799999999997
22.9731
18.8568
17.147699999999997
11.9167
17.872200000000003
13.4965
11.7465
15.1326
10.6675
31.907999999999998
20.6262
18.932399999999998
10.8613
16.3323
23.282600000000002
11.7805
25.584
16.424500000000002
31.4083
10.2605
13.927999999999999
31.996299999999998
8.79679
19.731599999999997
13.9539
9.94506
17.8733
17.5826
15.1798
10.369
16.7591
13.5356
11.026299999999999
14.8215
10.3856
15.4558
9.88638
13.713700000000001
18.235999999999997
14.561599999999999
25.789099999999998
33.2884
14.9817
23.0839
18.4908
17.7504
18.5091
15.856499999999999
12.5261
26.431199999999997
44.6475
20.188299999999998
21.997200000000003
21.218500000000002
34.2972
21.834200000000003
21.3897
20.052899999999998
14.225299999999999
10.206
68.9996
42.1177
17.6824
21.628800000000002
14.266
11.8948
15.735699999999998
12.414299999999999
24.4251
18.4637
15.668899999999999
11.4626
13.109499999999999
17.215500000000002
14.881699999999999
14.196
11.7558
11.7812
18.448
14.359200000000001
22.869799999999998
46.8107
14.844899999999999
17.718
9.858749999999999
16.1567
16.6766
8.80686
12.7197
34.491800000000005
21.2669
26.757199999999997
10.1508
10.9836
30.3281
18.4361
18.5365
13.6555
12.081100000000001
12.010299999999999
48.8197
23.663400000000003
10.4831
14.8685
9.04842
9.28852
10.5098
21.9659
10.9038
13.2175
10.2337
16.295
11.4771
14.6938
10.880600000000001
21.6655
21.2158
26.6329
10.5945
18.547500000000003
9.25507
13.593499999999999
11.6946
16.7116
27.840899999999998
11.0336
35.3187
18.427200000000003
21.3649
33.5523
28.9653
19.083
18.2015
10.779
15.0884
17.8173
8.93876
13.5875
18.6233
12.1398
11.4649
35.2244
10.6763
55.925000000000004
27.1233
32.160599999999995
17.811799999999998
12.5505
16.1629
8.88627
24.1756
18.246
17.6175
15.9374
16.3752
15.2196
18.3831
12.6083
14.7814
10.8408
10.9624
26.5621
20.7274
34.6975
38.271899999999995
15.808599999999998
23.534599999999998
12.504
19.624200000000002
25.394099999999998
18.374499999999998
13.9357
11.0846
58.696600000000004
13.0368
15.3158
16.307499999999997
11.4977
9.21984
12.703199999999999
13.2327
18.349500000000003
18.1501
13.1273
10.919699999999999
43.9002
23.613100000000003
22.944200000000002
17.943299999999997
37.9168
31.0331
12.5169
16.570999999999998
18.2308
19.1002
13.4534
11.8356
39.6068
16.9617
16.2496
17.2836
16.3395
11.549999999999999
55.1251
13.441099999999999
9.275830000000001
38.5588
29.2115
18.009
16.752
19.6154
17.7758
11.4161
24.095100000000002
9.75887
41.2669
16.945999999999998
19.152800000000003
15.861500000000001
9.50858
23.1215
9.96493
13.516399999999999
15.4047
34.7018
