180.111
220.752
203.278
209.225
248.87599999999998
223.25400000000002
217.281
169.89399999999998
188.28300000000002
204.5
170.344
198.096
195.815
219.705
198.088
202.16600000000003
218.25
206.011
218.535
223.23499999999999
201.19500000000002
198.495
204.64
215.257
222.909
197.39000000000001
245.527
164.645
199.23399999999998
212.563
200.05800000000002
200.36399999999998
215.696
220.153
196.189
219.447
201.769
207.60899999999998
212.769
196.518
184.285
214.78900000000002
223.659
204.13799999999998
219.32299999999998
204.163
186.232
181.469
216.995
162.767
229.185
237.986
195.697
236.391
231.554
224.75300000000001
219.208
231.58200000000002
179.79600000000002
206.049
217.951
206.994
178.102
200.253
195.437
237.789
206.82
219.403
202.08300000000003
163.436
206.59199999999998
213.631
213.59
221.071
188.939
221.612
214.07399999999998
183.12800000000001
171.36100000000002
200.178
230.12
218.452
223.414
219.384
209.337
225.50400000000002
234.32500000000002
224.577
177.147
230.67499999999998
188.832
219.06900000000002
229.07
222.538
233.965
200.075
222.11
203.67
206.18
210.985
202.975
225.139
207.053
221.808
211.487
203.197
198.409
197.849
184.337
241.708
183.23999999999998
163.986
212.54999999999998
216.848
184.047
230.774
225.583
202.146
218.231
183.21200000000002
212.46699999999998
209.13799999999998
192.01
210.732
222.505
229.99800000000002
231.652
207.82999999999998
236.261
216.329
192.757
208.885
238.27599999999998
212.709
200.789
235.12199999999999
190.21099999999998
221.038
186.359
228.83999999999997
197.682
239.49200000000002
233.397
210.862
225.582
176.12
216.68699999999998
227.58800000000002
213.68400000000003
206.407
228.322
233.725
210.029
232.388
210.624
211.318
202.976
206.107
232.22899999999998
219.48999999999998
231.163
194.30800000000002
219.145
183.428
241.638
225.129
178.49499999999998
226.366
121.589
199.018
203.93800000000002
230.65
201.259
190.006
183.452
234.609
194.593
215.389
226.447
196.82
218.201
205.399
219.97
219.919
196.739
189.42800000000003
183.255
220.974
204.64
194.27700000000002
225.666
197.887
237.798
194.549
217.23700000000002
210.345
199.015
196.012
205.764
224.643
205.321
214.54500000000002
241.387
197.856
225.67499999999998
236.123
206.85
219.088
236.1
217.56300000000002
226.128
215.674
226.39100000000002
224.911
207.55599999999998
213.69
197.265
215.931
206.96
243.027
224.57399999999998
239.991
180.228
226.918
203.72299999999998
192.73000000000002
186.683
196.904
195.699
181.35899999999998
203.484
203.60600000000002
212.279
200.003
224.13
145.914
174.44299999999998
211.899
214.142
211.16
220.51000000000002
233.026
222.335
200.49
235.578
196.23
215.48000000000002
222.797
222.17000000000002
236.424
226.95499999999998
213.862
208.518
189.005
214.566
207.763
167.458
195.345
218.288
224.919
204.946
246.961
234.317
210.126
174.299
198.69899999999998
200.466
200.992
210.054
184.64600000000002
239.255
230.442
229.943
199.09099999999998
223.309
170.074
203.651
202.109
195.251
229.78199999999998
224.89600000000002
222.455
201.176
211.149
201.324
214.167
212.753
183.864
210.83599999999998
224.016
177.346
182.645
199.878
216.60299999999998
176.595
194.156
238.311
206.53199999999998
245.143
190.007
215.504
174.604
204.942
209.79
170.828
199.911
203.65800000000002
216.20600000000002
211.474
210.154
192.809
205.22299999999998
228.92499999999998
242.788
219.919
214.355
186.98000000000002
210.165
147.17
195.363
205.678
214.507
202.84199999999998
213.19
230.30800000000002
203.47199999999998
233.64
241.318
237.007
235.599
204.37900000000002
185.54100000000003
204.293
210.944
232.53199999999998
220.934
217.597
192.225
174.3
195.457
236.482
210.60899999999998
213.54500000000002
211.355
194.351
220.468
218.84300000000002
239.514
172.596
204.40900000000002
217.362
197.448
222.129
214.57999999999998
205.988
189.92899999999997
219.139
233.176
227.441
205.823
146.067
196.056
208.998
221.197
189.536
193.768
220.866
217.977
226.01
202.315
191.33
199.30800000000002
175.316
223.249
220.414
202.927
227.56
221.273
154.969
219.912
231.642
175.334
180.97
209.73600000000002
243.675
203.107
227.90099999999998
236.618
198.321
226.525
148.19299999999998
227.789
195.45100000000002
208.453
227.169
183.811
235.901
206.003
207.284
187.06
