61.1851
109.492
85.32820000000001
110.21499999999999
127.804
124.789
119.145
75.6507
90.2264
99.38940000000001
61.5394
101.716
107.88000000000001
108.39
82.3626
98.9345
100.787
110.899
114.586
124.917
83.0699
100.762
109.182
122.349
126.44500000000001
80.85770000000001
129.272
66.5017
90.6959
94.8045
88.8706
99.7215
102.232
120.113
111.098
107.52799999999999
106.759
108.935
119.603
97.0604
77.4559
91.2877
118.32
114.69500000000001
121.777
97.4327
94.7553
110.771
110.85499999999999
60.8852
121.057
121.946
97.4497
119.99
121.89
126.39200000000001
108.973
119.93299999999999
94.02040000000001
114.45
108.13000000000001
91.24069999999999
71.5958
111.152
93.3903
127.00800000000001
87.6229
121.95400000000001
85.679
64.529
116.96
105.78
100.67
103.041
105.04299999999999
111.807
110.879
94.6843
71.61099999999999
104.45100000000001
126.534
101.346
121.161
115.033
112.04400000000001
121.5
124.226
118.69399999999999
77.1462
123.888
89.4195
120.462
117.003
123.581
118.154
105.67500000000001
119.13600000000001
108.14699999999999
95.88850000000001
121.551
110.69
123.887
96.82469999999999
124.212
102.31
117.595
93.0707
97.2885
68.06139999999999
128.689
83.2237
52.4791
111.04799999999999
107.7
106.261
123.925
111.796
111.269
124.942
68.2085
112.258
117.839
87.353
90.1932
117.896
113.767
127.14
106.72800000000001
122.475
118.931
106.224
107.959
128.673
100.194
86.5644
123.695
101.15100000000001
103.784
84.78479999999999
126.84599999999999
80.7399
128.30700000000002
116.993
96.81660000000001
126.717
68.914
120.931
118.169
117.517
93.8239
115.51
119.408
99.2508
126.639
116.45400000000001
110.31
101.07199999999999
105.882
119.20400000000001
115.052
127.01899999999999
93.6191
103.593
76.8885
126.94
119.42800000000001
63.237
118.254
23.4544
107.082
102.267
107.03500000000001
100.09
105.75
92.33800000000001
100.585
99.9639
104.377
112.483
101.434
109.425
110.357
122.839
113.621
85.53439999999999
97.3682
98.52130000000001
113.44600000000001
121.20599999999999
94.78970000000001
112.59700000000001
92.503
126.357
85.8161
117.958
108.032
85.68870000000001
113.053
100.09800000000001
122.37
115.89399999999999
103.343
127.89500000000001
105.019
114.718
127.12200000000001
119.452
112.988
124.484
113.78099999999999
123.95200000000001
117.372
122.376
126.47900000000001
106.91199999999999
93.9666
84.17769999999999
122.119
96.3191
128.995
104.649
128.69400000000002
101.562
121.374
92.1858
72.01050000000001
97.54740000000001
96.5867
97.3608
81.4608
97.4409
97.964
100.39399999999999
106.501
118.732
29.8922
72.5792
103.306
98.7872
107.678
119.978
125.093
111.3
94.07119999999999
128.31400000000002
104.184
118.907
121.424
125.574
124.57799999999999
123.807
111.31
110.669
99.798
107.916
96.6572
66.8889
105.137
103.95400000000001
115.42
104.55399999999999
127.64500000000001
118.12599999999999
119.333
80.524
97.6109
91.5032
111.963
111.991
85.9569
128.53
127.647
110.485
109.14
120.434
65.0646
95.2915
111.651
105.095
118.205
117.899
114.14399999999999
97.0576
117.762
107.95
117.521
105.213
107.416
107.089
119.393
94.6464
95.89699999999999
91.57690000000001
113.354
97.93430000000001
113.131
124.519
110.558
127.921
89.2799
112.57000000000001
79.6691
101.61
98.6237
81.1408
89.031
100.64099999999999
103.101
117.685
106.50800000000001
101.03099999999999
114.888
122.565
129.196
111.43400000000001
111.79400000000001
81.0226
112.459
54.3502
90.5956
86.2834
124.284
108.997
105.435
117.55699999999999
94.6687
127.944
128.32399999999998
125.79299999999999
126.04599999999999
105.725
99.4384
118.256
121.15299999999999
120.317
119.108
93.6764
97.5591
80.3036
78.8258
125.59600000000002
96.1748
110.25200000000001
100.794
92.3557
126.0
108.917
122.16499999999999
53.6172
118.635
122.639
103.507
119.783
115.215
118.639
106.401
125.74199999999999
127.82199999999999
121.996
111.538
67.2815
94.5806
96.6991
103.997
78.52770000000001
86.1193
120.635
123.806
126.636
100.485
106.34100000000001
109.486
75.3228
105.503
124.566
102.865
125.747
112.451
56.226400000000005
121.33800000000001
117.087
76.4262
86.81360000000001
123.502
127.833
99.96530000000001
126.42800000000001
121.349
94.24069999999999
115.755
70.20899999999999
126.23799999999999
99.7139
121.64500000000001
118.377
93.8325
116.512
108.099
105.799
81.5954
