206.762
243.005
228.88
227.071
278.32099999999997
242.12300000000002
235.50799999999998
185.6
205.05100000000002
223.521
190.685
214.752
211.035
241.93
221.947
220.57999999999998
243.43
222.904
238.184
242.097
226.821
215.438
221.454
232.509
241.99599999999998
221.75400000000002
271.89000000000004
181.188
219.519
237.67
221.51299999999998
218.036
238.457
238.921
211.09900000000002
241.936
218.312
225.237
229.889
213.848
203.63600000000002
245.29899999999998
243.93300000000002
220.196
237.55499999999998
223.742
201.679
194.53300000000002
237.179
180.514
250.61099999999996
263.432
212.721
261.838
253.73000000000002
244.494
240.95
254.423
194.123
222.51000000000002
239.477
230.91400000000002
197.51399999999998
215.85399999999998
213.431
261.384
233.285
237.624
226.55
180.229
222.86800000000002
234.068
235.934
246.865
203.40800000000002
243.283
233.25199999999998
197.98399999999998
188.465
216.78300000000002
250.921
243.407
242.853
239.18200000000002
226.916
245.494
257.03900000000004
245.04999999999998
194.26
251.986
205.936
237.483
251.94100000000003
241.294
258.869
216.442
241.664
220.408
227.156
227.512
219.194
244.60000000000002
228.01399999999998
240.32700000000003
232.152
218.808
217.445
215.476
208.9
266.507
200.30800000000002
185.963
231.22400000000002
238.02599999999998
197.72500000000002
253.08799999999997
249.109
218.118
236.64499999999998
206.92
230.833
225.78599999999997
210.667
238.261
242.521
254.94400000000002
252.93500000000003
225.964
260.5
234.36399999999998
207.679
227.074
261.642
234.81199999999998
223.832
258.354
205.383
246.34900000000002
203.881
249.271
222.34
263.45000000000005
258.569
233.687
245.17600000000002
195.796
234.447
249.352
231.356
228.44
251.488
257.88800000000003
231.245
253.94099999999997
227.78799999999998
229.761
221.025
223.909
255.677
239.316
252.30200000000002
211.917
243.287
202.683
267.067
245.57000000000002
202.338
247.619
138.81099999999998
214.938
221.96099999999998
261.644
219.079
204.55599999999998
198.685
274.902
210.813
237.096
250.08700000000002
213.244
239.334
222.222
238.184
240.317
218.099
205.08100000000002
197.65
241.803
220.685
211.57999999999998
248.855
216.948
261.57399999999996
214.749
235.69899999999998
228.97400000000002
221.526
210.719
224.977
244.191
221.48100000000002
236.241
266.36199999999997
213.871
247.95000000000002
259.28499999999997
222.875
239.39
259.548
237.124
245.88
233.85500000000002
246.481
244.288
225.56799999999998
240.324
219.596
233.35
228.096
268.274
252.043
264.01599999999996
193.85
247.423
225.293
220.832
201.791
214.459
212.74599999999998
198.39499999999998
222.81699999999998
222.801
234.068
216.214
244.441
170.78799999999998
192.18699999999998
232.405
237.803
230.14000000000001
239.403
255.008
244.522
219.913
258.069
212.057
233.317
242.0
241.457
259.99699999999996
248.067
232.859
226.089
204.16400000000002
234.72199999999998
229.114
184.70600000000002
210.85999999999999
241.72299999999998
246.601
222.70999999999998
275.208
259.453
226.759
189.866
216.475
220.908
216.661
227.834
201.375
263.032
251.39099999999996
257.016
214.726
242.894
188.846
223.822
218.034
210.756
252.47000000000003
245.734
243.611
219.86
228.21800000000002
217.57000000000002
231.95
233.006
197.42000000000002
229.852
244.098
191.215
197.267
220.047
235.97899999999998
190.041
208.592
263.549
223.60399999999998
272.142
207.488
234.74900000000002
190.42100000000002
223.43099999999998
231.181
185.595
221.22400000000002
222.021
238.85600000000002
228.624
229.084
208.478
221.46099999999998
249.87
267.847
241.042
233.39
205.916
227.887
162.619
214.2
232.401
231.504
219.256
233.553
253.52700000000002
223.81300000000002
255.596
266.128
260.543
258.461
221.743
200.17
220.016
227.50699999999998
255.694
240.148
248.51899999999998
208.42
189.913
219.909
259.82300000000004
233.642
232.717
232.52200000000002
212.327
238.93900000000002
240.451
266.519
199.451
220.111
235.01500000000001
213.63199999999998
241.52599999999998
232.927
221.954
204.393
237.307
255.021
247.972
222.586
158.987
213.90200000000002
230.916
246.495
210.654
213.512
239.71300000000002
235.633
245.675
220.327
206.012
214.93599999999998
192.45999999999998
249.102
239.51500000000001
220.529
248.307
242.564
171.951
238.368
255.75599999999997
192.165
196.649
226.006
269.926
221.502
248.037
261.545
216.951
248.76000000000002
161.011
248.458
211.91
224.54
248.689
198.912
263.055
223.345
225.45499999999998
205.82
