243.037
275.92
263.92199999999997
255.892
322.66299999999995
273.245
265.30199999999996
211.347
232.078
252.986
220.44
242.106
237.347
274.73199999999997
255.20700000000002
249.435
278.96900000000005
250.886
268.94
273.217
261.916
243.008
249.347
261.684
273.46
255.534
312.67499999999995
207.66299999999998
249.56300000000002
272.96
252.55899999999997
246.232
271.6
269.402
237.275
274.937
245.898
253.84099999999998
258.562
241.57500000000002
232.63400000000001
287.038
275.774
247.492
267.69
253.59199999999998
227.659
218.79199999999997
268.13399999999996
207.907
284.126
301.36800000000005
240.194
299.63
288.038
276.82800000000003
273.31600000000003
289.33500000000004
219.17700000000002
250.185
271.562
264.55400000000003
226.336
242.74200000000002
241.57799999999997
297.646
269.41700000000003
267.77099999999996
260.426
206.876
250.488
265.122
268.671
283.119
228.843
275.823
263.279
223.479
215.326
244.26600000000002
284.063
278.72200000000004
274.22200000000004
270.144
255.531
277.539
292.06300000000005
277.171
221.269
285.505
233.234
267.639
286.50399999999996
272.25
295.907
243.769
272.844
248.23700000000002
258.22299999999996
255.78699999999998
246.595
276.275
259.137
271.075
263.367
245.80599999999998
246.49699999999999
243.48
242.617
305.811
227.506
217.184
260.79200000000003
269.77099999999996
222.42000000000002
289.207
283.617
245.315
267.434
239.755
260.19
253.837
239.26500000000001
275.897
274.026
291.392
286.66999999999996
254.979
297.08299999999997
263.926
233.62199999999999
256.161
298.603
267.322
256.32
293.90500000000003
231.324
282.10600000000005
231.544
282.049
256.416
300.56500000000005
295.79699999999997
266.724
277.099
224.857
263.974
282.846
260.385
260.378
286.145
294.171
262.864
287.901
256.24
259.11699999999996
249.694
252.61499999999998
291.192
270.31
285.854
239.738
277.82
231.56199999999998
305.581
277.775
235.40900000000002
280.55
166.026
241.904
250.68400000000003
304.977
247.448
230.106
224.493
341.93
237.68200000000002
269.281
284.822
240.371
271.126
250.13299999999998
268.449
271.74199999999996
249.024
231.298
222.79299999999998
273.657
248.979
239.18
283.097
245.993
297.938
244.666
265.59700000000004
258.454
253.48199999999997
236.80300000000003
254.67499999999998
275.84
248.924
268.40500000000003
304.54900000000004
240.797
281.479
296.437
250.442
270.646
295.41200000000003
267.702
277.84700000000004
263.389
278.716
275.984
254.479
277.27299999999997
251.40099999999998
262.672
259.35
307.42199999999997
290.252
301.468
218.363
279.98400000000004
256.672
258.74
227.52100000000002
242.363
240.234
225.478
252.438
252.32900000000004
266.29
243.44
276.386
205.82600000000002
219.599
263.491
271.78000000000003
259.92900000000003
269.99899999999997
289.303
277.538
249.37599999999998
293.854
238.76500000000001
262.66299999999995
273.146
273.266
296.005
282.464
262.745
254.674
230.03199999999998
265.553
260.615
211.772
237.319
275.549
279.57500000000005
251.33299999999997
317.69199999999995
296.745
254.92
215.63299999999998
244.62900000000002
251.15300000000002
243.607
256.63000000000005
228.386
300.073
284.985
295.526
241.542
274.305
217.182
254.08399999999997
245.192
237.203
287.027
278.134
275.871
248.829
256.676
244.939
261.091
263.889
222.035
259.661
275.895
215.88199999999998
222.56699999999998
250.03799999999998
266.323
214.368
234.38400000000001
303.51
251.74099999999999
314.676
235.103
264.90200000000004
216.382
252.55300000000003
262.915
210.657
252.14199999999997
250.957
271.904
257.15500000000003
258.805
234.88899999999998
248.945
282.964
307.159
272.981
263.334
234.71200000000002
256.651
188.012
242.99
268.733
260.726
246.81900000000002
264.53700000000003
288.57899999999995
254.195
290.74100000000004
305.499
296.596
293.79699999999997
250.054
225.539
247.17700000000002
255.77299999999997
290.95500000000004
270.96999999999997
291.016
235.146
215.714
253.82
295.647
266.832
262.71099999999996
264.172
240.416
269.726
272.675
308.79200000000003
236.099
247.282
264.656
240.641
272.62399999999997
262.426
249.394
229.889
267.783
290.045
280.63300000000004
250.46200000000002
182.286
241.97
263.0
282.242
241.348
243.037
270.344
265.45000000000005
277.66400000000004
248.914
231.72799999999998
241.77
219.435
285.482
271.152
248.89
282.091
274.785
198.588
268.68199999999996
291.773
218.904
222.728
254.38300000000004
311.39099999999996
250.42
280.48499999999996
298.82599999999996
245.698
282.399
184.25900000000001
282.09499999999997
238.984
252.38500000000002
281.942
224.609
302.66900000000004
251.68099999999998
254.488
234.484
