23.574
44.451499999999996
19.790599999999998
46.3914
61.272600000000004
60.7671
54.9358
13.0306
26.381700000000002
34.883900000000004
22.6835
37.9278
45.2189
43.2925
17.213900000000002
34.570499999999996
35.176100000000005
47.5054
50.080600000000004
60.891
17.654
36.9295
45.689
59.0789
62.2195
15.6735
62.8466
18.7184
25.9612
29.3488
23.8961
35.6463
37.0035
55.7126
49.028099999999995
42.333299999999994
43.1798
45.089
56.048500000000004
32.9569
13.0538
25.0666
53.4212
51.816500000000005
57.7994
32.7372
31.4385
52.324000000000005
46.3674
22.8872
55.8349
55.9765
33.4469
54.0163
56.5587
61.7799
44.0071
54.3914
31.325699999999998
51.295100000000005
43.163399999999996
25.857499999999998
15.6646
48.4946
29.2873
61.4262
22.0216
58.001799999999996
20.2812
20.1618
53.908699999999996
40.913199999999996
35.5154
37.341300000000004
42.8114
46.944100000000006
46.667899999999996
31.6638
15.4681
40.7338
61.6741
35.8094
56.5749
50.4576
48.3675
56.7408
58.998799999999996
53.7301
13.307400000000001
58.982600000000005
25.4227
56.2559
51.571400000000004
59.561
52.306400000000004
42.1059
54.4322
44.5884
31.0037
58.7833
47.6104
59.6049
31.8856
60.36
37.4287
55.133799999999994
28.728
33.090799999999994
18.343
62.3503
19.241600000000002
30.2231
47.0007
42.7804
45.235699999999994
58.0503
46.5757
48.385999999999996
61.197500000000005
18.1704
48.2692
54.4935
22.9801
24.318800000000003
53.0816
48.198299999999996
62.071099999999994
42.532399999999996
56.762899999999995
54.809999999999995
43.645
43.8381
62.7339
35.0484
21.4203
58.298
38.1455
38.0903
20.6912
62.0703
15.508
62.4507
51.1721
31.564700000000002
62.260799999999996
17.3847
57.1237
52.9012
53.5948
28.8718
50.1274
53.6476
34.2136
61.5587
52.8451
46.2919
36.872
41.7339
53.5687
50.4669
62.008599999999994
29.6071
38.0676
12.5688
61.0471
54.451
21.726200000000002
53.1018
57.1257
43.863899999999994
37.992
40.588300000000004
35.9846
43.4777
29.188
32.6378
36.4334
39.230599999999995
47.204
37.754400000000004
44.619600000000005
46.9504
58.999900000000004
48.96169999999999
20.6232
33.964099999999995
36.0332
48.6863
59.8403
30.804399999999998
47.3911
28.128400000000003
60.8212
21.150499999999997
53.6685
43.7797
20.581599999999998
51.322399999999995
35.5889
57.86150000000001
52.942299999999996
38.2081
61.9438
41.612
49.5598
61.1209
56.8188
48.387899999999995
59.12
49.3451
59.564899999999994
53.225500000000004
57.6721
62.1329
42.7692
28.296000000000003
19.1283
58.6888
31.3794
62.7799
38.6296
62.732
40.166199999999996
56.440799999999996
27.2487
15.9848
34.476
32.4289
33.3442
17.5822
32.800599999999996
33.3433
35.322
43.0728
53.8118
52.020700000000005
14.91
38.3906
33.3245
43.2969
55.5118
60.0559
46.357099999999996
29.596999999999998
62.606899999999996
40.8585
54.878499999999995
56.9549
61.2284
59.1976
58.4229
47.1477
46.977
36.8065
43.2431
31.6585
18.521800000000002
42.0359
38.5022
50.3422
40.3811
61.277100000000004
52.2441
56.11
17.1599
33.3634
26.7668
49.299099999999996
48.2362
22.121499999999997
62.652
62.5526
44.6792
46.2801
55.7327
19.9872
30.595399999999998
48.8089
41.9988
52.74
52.8625
49.265499999999996
32.5805
54.152
44.6171
53.544799999999995
40.3786
46.792
42.656600000000005
54.5197
32.2941
32.999
26.9024
48.9972
36.351099999999995
51.7789
57.9061
47.058099999999996
61.170500000000004
25.168699999999998
48.2921
16.269599999999997
37.2543
33.5328
18.073800000000002
24.0822
36.3836
37.8288
54.0317
42.060599999999994
37.7184
51.875
57.6186
62.8877
46.7123
47.6026
16.7371
48.7143
27.692899999999998
26.1858
20.5762
61.4294
45.6723
40.57899999999999
52.0177
29.975
62.379799999999996
61.9689
60.360499999999995
60.7224
41.723000000000006
36.7973
55.7486
58.2759
54.7072
54.5178
27.4815
33.9038
16.9364
13.555299999999999
60.2207
30.9308
46.0122
35.874900000000004
28.265800000000002
62.151900000000005
43.9773
55.1224
29.776500000000002
56.2202
59.121
39.9711
55.1147
51.1175
55.9282
44.291900000000005
62.0897
62.2874
57.112
48.2277
17.6422
30.4544
31.600499999999997
38.2889
13.7921
21.5704
56.2466
60.412800000000004
62.1574
36.3269
43.996599999999994
46.657
13.2973
39.696299999999994
60.3438
38.7254
60.591300000000004
47.6373
26.446299999999997
57.1973
51.4253
12.678
23.2589
61.4439
61.2327
35.6776
61.793
55.4206
29.9356
50.5371
15.789100000000001
61.128
36.0788
59.4083
53.157799999999995
30.708099999999998
50.4521
44.2871
41.527300000000004
17.308400000000002
