99.4579
137.84199999999998
120.972
128.25300000000001
163.428
146.2
137.86200000000002
87.32180000000001
105.91399999999999
121.907
87.4947
116.622
116.25399999999999
136.765
115.543
119.728
134.708
125.804
137.096
146.322
118.999
116.772
124.097
138.33200000000002
149.856
115.017
164.718
81.6362
116.346
129.415
117.125
118.21600000000001
132.429
140.52
117.68900000000001
136.42000000000002
120.964
126.51
134.644
114.35199999999999
101.241
132.604
142.318
125.62599999999999
140.873
121.38300000000001
104.887
105.636
134.938
79.6691
147.591
154.15300000000002
113.689
152.305
149.694
152.97299999999998
136.43099999999998
148.88000000000002
99.0552
127.074
135.21800000000002
124.009
95.1287
121.094
112.944
157.575
124.47900000000001
141.05
119.54299999999999
80.3799
128.538
131.007
130.369
137.397
109.59
138.97899999999998
132.48
102.139
88.3553
119.01599999999999
152.577
134.905
143.50199999999998
137.898
128.935
145.211
153.037
143.157
94.1773
150.392
106.321
139.89399999999998
146.06
144.544
150.012
119.23100000000001
141.514
122.96799999999999
123.14999999999999
134.601
123.2
146.61599999999999
124.02000000000001
144.647
128.606
126.171
115.684
115.59
102.627
165.94500000000002
100.404
81.78630000000001
131.273
134.17499999999998
105.825
162.34
142.217
122.715
147.71300000000002
101.228
131.54
130.93099999999998
109.169
128.296
141.28
146.04500000000002
154.371
126.09200000000001
153.264
137.03
113.163
127.301
162.09
129.517
117.968
153.162
109.708
137.404
103.522
152.366
115.381
160.31599999999997
149.285
127.617
150.617
93.1597
138.381
145.269
134.346
123.30499999999999
145.114
150.243
126.96099999999998
154.051
131.515
130.021
120.769
124.41199999999999
149.091
137.986
153.908
111.925
135.679
100.383
159.511
143.886
96.6755
144.35899999999998
59.5231
118.72399999999999
121.81400000000001
146.006
119.077
110.692
101.961
183.94299999999998
113.232
132.374
143.028
115.463
135.656
125.11
142.111
137.97699999999998
113.79899999999999
108.205
103.10900000000001
138.791
135.495
112.026
142.422
115.153
156.909
111.594
137.287
128.57299999999998
116.13900000000001
118.30799999999999
123.14500000000001
145.12800000000001
127.06899999999999
131.493
160.50900000000001
117.174
142.857
163.802
130.036
137.152
154.346
136.09099999999998
147.353
135.83700000000002
146.37800000000001
149.69199999999998
125.90199999999999
130.749
114.385
138.63500000000002
123.906
163.257
140.71
161.47400000000002
101.265
146.155
120.698
112.016
105.85799999999999
114.63900000000001
113.675
98.4742
120.75800000000001
120.92500000000001
129.136
119.394
142.84199999999998
65.2976
91.42490000000001
129.102
130.78
129.203
140.71900000000002
152.893
139.484
117.702
160.40699999999998
115.58
136.36599999999999
143.202
151.451
154.618
158.631
132.406
127.81200000000001
108.36500000000001
132.223
124.678
84.3434
115.064
134.936
142.423
123.11800000000001
162.60399999999998
150.255
132.467
91.861
116.405
117.551
121.999
129.50900000000001
101.995
160.747
155.44299999999998
145.47099999999998
119.42099999999999
143.033
86.9974
120.745
122.81599999999999
114.974
146.946
143.10899999999998
140.149
118.597
132.47
120.92999999999999
134.72400000000002
130.138
106.069
128.79399999999998
143.05
97.03670000000001
101.972
116.991
135.20399999999998
97.18469999999999
116.827
168.667
126.12200000000001
170.025
107.416
134.11
92.03649999999999
122.611
126.691
88.83099999999999
116.982
121.319
132.97
132.691
128.077
111.91900000000001
126.57199999999999
148.277
164.79399999999998
137.513
132.937
103.94399999999999
129.743
65.6118
112.624
123.50800000000001
140.171
122.529
130.561
147.149
120.541
159.541
166.422
155.93099999999998
155.32399999999998
122.906
105.294
127.36900000000001
134.259
149.718
140.617
135.08999999999997
110.679
91.8348
113.205
155.45000000000002
127.36500000000001
131.879
128.32399999999998
111.841
147.272
136.114
171.783
92.3763
127.67800000000001
140.08
116.461
141.83200000000002
134.189
128.892
110.821
146.088
159.395
146.886
125.862
66.8822
113.633
125.84500000000001
137.563
106.595
110.827
141.33100000000002
141.631
150.54899999999998
120.088
111.989
119.718
92.3326
139.49800000000002
150.852
121.021
157.17800000000003
138.824
72.22019999999999
141.028
148.02100000000002
92.3943
98.7614
136.55900000000003
169.109
120.722
151.136
152.993
115.69200000000001
143.77200000000002
68.77239999999999
156.732
113.92099999999999
132.89999999999998
145.01600000000002
102.571
150.919
124.918
125.41199999999999
104.036
