113.918
152.522
136.22799999999998
137.844
190.96099999999998
157.301
148.225
93.9198
113.524
132.34099999999998
97.1412
124.504
122.382
151.293
129.07
129.46699999999998
151.732
134.14999999999998
149.198
157.37599999999998
134.107
124.964
132.386
147.07999999999998
160.09599999999998
128.856
187.60999999999999
89.2268
127.25800000000001
145.607
129.016
127.223
147.059
151.754
123.319
151.143
128.895
135.83999999999997
143.266
122.789
110.58999999999999
153.90200000000002
155.639
132.67999999999998
151.291
132.228
111.131
108.299
147.35999999999999
88.04950000000001
162.81300000000002
174.737
121.80199999999999
172.648
165.958
163.779
150.482
165.87199999999999
104.109
134.72400000000002
148.931
138.52900000000002
104.202
127.73499999999999
121.82900000000001
175.735
140.857
151.448
133.83800000000002
88.2291
135.844
143.407
144.445
155.29999999999998
114.66
153.277
143.71200000000002
107.73299999999999
95.8982
126.95
166.351
151.75900000000001
155.817
150.244
138.146
158.38
170.03799999999998
156.803
101.762
165.379
114.221
150.589
162.658
155.726
169.428
126.89500000000001
153.865
131.178
135.306
142.151
130.679
158.842
136.261
155.318
141.055
132.399
125.57499999999999
124.366
115.564
185.661
108.144
92.31830000000001
141.88400000000001
147.483
109.737
176.029
158.76100000000002
129.845
156.24099999999999
113.482
141.818
138.81099999999998
118.389
146.121
154.192
164.697
168.734
136.026
172.297
147.09
118.867
137.31799999999998
179.533
143.309
131.138
170.926
115.696
154.865
111.69500000000001
165.365
129.45999999999998
179.007
168.859
141.81199999999998
162.077
102.375
148.035
160.60399999999998
143.80499999999998
136.319
161.836
168.867
139.74900000000002
169.018
140.174
140.349
130.291
133.951
166.78799999999998
150.37300000000002
168.05800000000002
120.431
151.872
109.622
180.561
157.554
108.846
159.026
72.1339
125.82
131.39700000000002
170.48
128.27700000000002
115.872
108.00999999999999
217.782
120.503
146.04500000000002
159.825
123.045
149.05599999999998
133.382
152.47
150.931
125.389
114.705
108.095
152.272
140.512
120.28999999999999
158.685
125.01799999999999
175.361
122.141
147.957
139.089
128.786
123.556
133.857
157.622
134.22500000000002
145.084
180.861
124.35300000000001
158.32299999999998
180.043
136.86599999999999
149.91299999999998
172.412
148.003
160.015
146.059
159.688
160.94400000000002
135.69899999999998
148.293
126.776
147.684
136.275
184.18300000000002
160.553
180.258
105.22099999999999
160.056
133.049
128.51999999999998
111.711
123.28699999999999
121.80799999999999
106.128
131.343
131.412
142.621
126.87300000000002
156.254
78.5141
99.3556
141.441
146.049
140.09199999999998
152.139
168.774
154.333
128.075
176.26600000000002
122.488
146.118
155.166
161.28
172.86399999999998
170.456
143.453
137.045
114.31700000000001
144.424
137.309
92.1752
121.575
150.41
157.244
132.56
188.162
169.959
140.30599999999998
98.2346
125.367
128.699
128.68699999999998
138.984
109.53200000000001
179.11599999999999
168.843
166.099
126.141
155.524
95.6331
132.0
129.864
121.469
163.512
157.162
154.129
128.455
141.004
128.49099999999999
144.354
142.311
109.75699999999999
139.703
156.194
101.598
107.27499999999999
127.87499999999999
146.83599999999998
101.155
121.63300000000001
187.012
134.713
192.874
115.64
145.503
98.60860000000001
132.656
139.59199999999998
94.63040000000001
128.747
131.148
147.549
141.35
138.87
118.537
133.893
162.801
185.274
151.097
144.059
113.168
139.147
75.8403
122.137
139.954
148.04899999999998
130.31400000000002
142.864
164.296
131.91
174.333
185.932
174.064
172.43
131.89100000000002
110.576
133.75400000000002
141.902
167.153
152.46599999999998
157.23899999999998
117.826
98.2461
126.964
173.307
141.696
143.06199999999998
141.197
120.634
156.715
150.002
191.861
106.647
134.009
149.5
123.815
153.998
144.542
135.66400000000002
115.87400000000001
155.092
173.94
160.841
134.015
74.88889999999999
122.449
139.07500000000002
155.029
117.592
120.974
152.708
150.924
162.249
129.525
117.354
126.42900000000002
99.8966
157.73100000000002
160.06500000000003
130.166
169.10500000000002
152.748
81.39970000000001
151.808
166.25300000000001
99.75359999999999
105.279
143.05300000000003
190.67600000000002
130.528
163.82399999999998
172.815
125.26899999999999
159.34699999999998
76.28559999999999
168.74
121.473
139.64
160.058
108.446
172.96800000000002
133.89499999999998
135.364
113.14399999999999
