119.306
157.59799999999998
141.913
140.065
203.5
160.18099999999998
150.76
97.63040000000001
115.229
135.241
101.702
125.98300000000002
122.894
156.297
133.826
131.989
158.198
135.732
152.744
160.23100000000002
139.714
126.614
133.96
148.752
162.5
133.803
197.126
94.4123
130.545
151.696
132.81799999999998
129.295
152.171
154.73899999999998
123.536
156.265
130.31300000000002
137.94500000000002
144.901
124.64699999999999
113.564
162.795
159.811
133.53400000000002
153.833
135.379
112.18400000000001
107.879
151.151
93.9543
168.0
183.06300000000002
123.499
180.869
171.71800000000002
166.469
155.214
172.111
105.272
135.898
153.48700000000002
143.684
107.524
128.413
124.00500000000001
182.488
147.127
153.979
138.96
93.75150000000001
136.80999999999997
147.269
149.271
162.251
114.86699999999999
158.108
146.832
108.726
99.7164
128.402
170.64499999999998
158.12
159.379
153.917
140.153
162.413
176.198
161.14700000000002
104.53999999999999
170.388
116.09
153.287
168.72699999999998
158.65599999999998
177.12800000000001
128.185
157.482
132.726
139.163
143.207
131.803
162.32399999999998
140.152
157.975
144.99
132.797
128.297
126.37300000000002
120.25099999999999
193.16400000000002
110.29799999999999
98.2365
144.647
151.81900000000002
109.709
180.186
164.86999999999998
130.775
157.782
117.86
144.383
140.07500000000002
120.922
153.173
158.143
171.99900000000002
173.343
138.48499999999999
179.677
149.469
119.25
139.80200000000002
185.797
147.988
135.62
177.514
116.362
161.55800000000002
113.878
169.24
134.53799999999998
186.034
176.66799999999998
146.72899999999998
165.127
105.969
150.18599999999998
165.918
145.886
140.63899999999998
168.001
176.079
143.901
173.965
141.85600000000002
142.96900000000002
132.63400000000001
136.20399999999998
173.458
154.06900000000002
172.55200000000002
122.42999999999999
157.849
112.581
189.042
161.905
113.345
163.95499999999998
84.9728
126.801
133.75
181.377
130.448
116.084
109.21300000000001
235.863
121.727
150.621
166.073
124.387
153.419
134.932
154.974
154.972
129.08
115.706
108.746
156.615
140.294
122.136
164.625
127.73799999999999
182.31
125.31800000000001
150.664
141.859
132.999
123.56200000000001
136.89200000000002
161.261
135.12099999999998
149.626
188.884
125.421
163.774
185.555
137.56099999999998
153.857
179.168
151.454
163.73
148.537
163.782
163.889
138.079
155.20700000000002
130.882
149.51700000000002
140.238
192.51399999999998
168.668
187.334
105.718
164.50400000000002
137.046
134.772
112.512
125.25500000000001
123.518
108.401
134.356
134.365
147.133
128.052
160.472
88.9634
102.722
145.304
151.53900000000002
143.091
155.226
174.263
159.48100000000002
131.03
181.64
123.449
148.338
158.529
163.476
179.72199999999998
173.66500000000002
146.456
139.08
115.018
148.143
141.406
96.9073
122.325
155.979
162.315
134.78
199.407
177.82899999999998
141.533
100.991
127.46199999999999
132.096
129.37699999999998
141.126
111.433
185.955
172.90800000000002
174.58
126.90100000000001
159.197
100.063
135.397
130.747
122.212
169.541
161.745
158.743
131.089
142.611
129.693
146.523
146.057
109.627
142.72299999999998
160.249
102.896
108.171
131.135
150.135
102.242
121.452
193.626
136.423
202.13600000000002
117.657
148.68
101.40599999999999
135.30100000000002
143.811
97.7879
132.487
133.685
152.62800000000001
143.02100000000002
141.837
119.443
134.887
167.577
193.31
155.532
147.095
115.937
141.25
82.53580000000001
124.724
146.255
149.254
131.624
146.677
170.676
135.375
179.112
193.28699999999998
180.844
178.60000000000002
133.858
111.161
134.22799999999998
143.009
173.644
155.803
166.638
119.06700000000001
101.02
131.899
179.929
146.68900000000002
146.171
145.37800000000001
122.803
158.713
154.644
199.469
112.114
134.452
151.51899999999998
125.001
157.5
147.10899999999998
136.334
116.017
156.865
178.583
165.306
135.491
81.9192
124.557
143.485
161.72400000000002
121.128
123.961
155.764
152.868
165.43
131.829
117.613
127.177
102.972
164.853
161.95499999999998
132.251
172.36399999999998
157.357
88.3251
154.543
173.274
102.744
107.019
143.558
199.176
133.066
167.535
180.697
127.79899999999999
164.843
81.5806
172.042
122.844
140.276
165.199
109.52099999999999
182.252
135.83
137.85500000000002
115.841
