18.321
57.1739
37.5397
58.409000000000006
75.6648
74.91539999999999
66.7914
28.3021
41.354
49.094
21.3834
51.2035
56.7315
56.2716
35.0439
48.71169999999999
49.9011
59.238899999999994
61.9145
75.17020000000001
35.618900000000004
50.357600000000005
57.649100000000004
71.81840000000001
82.1194
33.7306
80.8155
22.9135
41.9287
45.2611
40.376200000000004
49.3209
51.2587
67.66239999999999
60.1504
55.4732
55.3878
57.209500000000006
68.01469999999999
47.1195
30.5631
42.287
65.3417
63.203700000000005
70.22829999999999
47.4418
45.1093
61.9924
58.539899999999996
23.3031
67.9786
68.2757
47.4082
66.15790000000001
68.76400000000001
84.7764
56.7866
66.54350000000001
44.43
62.7697
56.1092
42.2627
25.203799999999998
59.796099999999996
44.1471
76.16420000000001
39.5195
70.4708
37.8699
23.1736
65.3469
54.161
50.0225
51.7385
54.2697
59.1471
58.765299999999996
45.0698
24.919
53.3786
76.8551
50.4075
68.7281
62.2646
60.1154
68.94749999999999
71.9051
65.7007
29.8735
71.84219999999999
40.614200000000004
68.3101
63.510200000000005
72.5469
64.27090000000001
54.412099999999995
66.3989
56.6631
46.0376
71.3814
59.1496
72.6006
46.8207
74.0905
51.356899999999996
66.7963
43.8169
47.3298
22.6706
86.1295
35.3674
22.837400000000002
59.0404
55.7786
55.8363
91.32690000000001
58.9179
59.7446
84.7874
22.679000000000002
60.1666
66.0919
39.114999999999995
41.4657
64.94900000000001
60.4529
78.11410000000001
55.1713
69.0451
66.6327
55.268100000000004
56.1765
83.6577
49.626799999999996
38.552
71.02
50.66289999999999
52.320899999999995
36.8189
78.32069999999999
33.6421
79.1906
63.2646
46.7553
79.7203
22.881700000000002
69.3707
64.8092
65.31660000000001
44.532799999999995
62.2394
65.71430000000001
48.8796
76.5313
64.4687
58.3665
50.469100000000005
54.4924
65.6096
62.275999999999996
77.903
44.352000000000004
52.218599999999995
30.0441
75.2913
66.48859999999999
19.177599999999998
65.0179
39.653800000000004
55.869299999999996
51.4866
54.433299999999996
49.636
54.877500000000005
43.0017
94.3365
49.7447
52.852000000000004
59.4638
50.973699999999994
57.1971
58.7523
71.7166
61.0055
37.5937
47.4279
48.3928
60.765699999999995
83.631
45.3065
59.627399999999994
43.3204
74.85749999999999
37.7737
65.4967
56.2188
37.802099999999996
62.217099999999995
49.6698
70.37440000000001
64.33659999999999
52.0996
77.3047
53.9117
61.676300000000005
88.42909999999999
68.79639999999999
60.4518
72.0753
61.2572
72.5401
65.01039999999999
70.1377
79.0627
55.3274
44.476
36.5434
71.2525
46.3843
80.652
52.8744
80.703
51.2711
68.58630000000001
43.1946
26.4146
47.5757
46.753299999999996
47.3378
33.81
47.4679
47.9315
49.8267
55.2349
65.78739999999999
30.2503
25.9769
52.0893
48.2708
55.904799999999994
67.45660000000001
73.37209999999999
58.6376
44.636799999999994
83.9111
53.210100000000004
66.67739999999999
69.1973
85.6742
72.1766
90.3446
59.2019
58.9215
49.5454
56.0261
46.6489
22.2751
54.1585
52.5033
62.3332
53.4395
75.70880000000001
64.2234
68.0618
32.6112
47.603300000000004
42.5984
60.6087
60.0391
37.6623
80.27239999999999
81.5834
57.6391
57.817800000000005
67.74189999999999
21.6008
45.6035
60.159
54.1229
64.6554
64.7349
61.339
47.182
65.7817
56.605999999999995
65.2821
53.6993
57.074600000000004
55.4209
66.5341
44.8241
46.060700000000004
42.6447
60.9306
47.966300000000004
62.5681
92.4684
58.8992
89.294
40.4773
60.293600000000005
31.971399999999996
50.863699999999994
48.320299999999996
33.035000000000004
40.5158
50.0931
51.9007
65.67280000000001
54.9505
50.6133
63.3118
70.0854
83.4545
58.905499999999996
59.6308
33.6064
60.441300000000005
27.3307
41.7373
38.3444
77.0521
57.5719
53.8751
63.932
45.091300000000004
84.6515
87.28099999999999
73.92899999999999
74.6747
54.3788
49.22
67.52890000000001
70.6301
66.9053
66.4579
44.0558
47.546699999999994
32.4405
32.0384
73.6621
46.2903
58.155
50.2052
43.2443
80.97989999999999
56.7505
94.3361
19.9898
68.0432
71.8673
52.6219
67.10820000000001
62.733399999999996
67.7841
55.4775
80.8185
84.9191
69.4264
59.8214
27.052699999999998
45.1513
46.6513
52.4768
31.6134
38.0655
68.3097
74.2486
79.0457
49.969300000000004
55.3993
58.1344
28.223399999999998
53.549600000000005
86.9992
52.052800000000005
87.95989999999999
59.7879
25.2748
69.4853
63.4464
29.1764
38.3039
77.8719
89.1305
49.547599999999996
77.3141
67.7199
44.83
62.545500000000004
26.4891
87.0599
49.4856
72.4382
65.0898
44.317099999999996
62.6838
56.467999999999996
54.4092
34.0407
