35.3461
10.5163
22.4633
9.99436
26.0473
26.343
17.941200000000002
27.368
18.9499
14.4451
35.0212
13.184
10.5857
10.9192
24.054
14.6128
14.1998
9.84525
12.1128
26.6056
23.7698
13.6183
10.282
23.7908
31.714899999999997
24.9637
30.3738
32.531200000000005
19.0121
17.1317
20.1101
14.1668
13.4039
18.8208
11.8672
11.259699999999999
11.16
10.4346
19.6057
15.4361
26.615
19.4014
15.8248
14.6522
21.6499
15.4511
16.3837
16.5236
9.92239
35.2873
18.6082
18.4772
15.2119
16.145799999999998
19.4423
32.6632
10.6773
16.7368
16.6081
13.990499999999999
10.9772
19.0002
29.9569
11.1056
17.3201
26.854400000000002
21.1567
21.9342
22.1703
33.5813
17.0796
11.8269
14.0797
13.2248
11.5504
9.70394
9.85333
16.3461
29.789099999999998
12.063799999999999
27.8931
13.920200000000001
19.791
12.5038
10.611
19.92
22.6933
16.1611
26.601799999999997
22.8249
19.4451
19.5684
13.4418
24.122799999999998
14.145100000000001
11.5653
17.0899
10.654
16.3115
23.6059
10.054499999999999
24.0504
15.853599999999998
25.621100000000002
13.2443
18.9414
17.574800000000003
15.3507
32.1041
32.947700000000005
23.0109
38.4085
9.76386
11.1206
10.8764
31.8158
9.79705
10.9085
32.6077
31.980799999999995
10.416500000000001
17.7319
20.7283
19.811
15.463799999999999
9.859089999999998
28.8228
11.301
19.537300000000002
17.813699999999997
11.172400000000001
10.834999999999999
32.0876
14.2919
21.5304
21.6511
13.2543
12.8909
22.1155
29.0728
25.057699999999997
29.355
12.854000000000001
15.988999999999999
30.2053
31.4069
20.843799999999998
15.071299999999999
16.374
17.4207
11.8812
15.783599999999998
14.6863
27.4673
15.598
10.002
13.5816
11.609100000000002
15.7348
12.5105
28.6846
17.17
12.909500000000001
26.9377
25.8844
17.0119
34.36
15.3598
44.8448
10.9725
13.0735
11.873899999999999
14.0052
11.2942
17.5972
13.0809
13.9055
12.455300000000001
9.59407
13.2807
10.4793
9.86769
23.3855
10.904499999999999
22.0121
15.1019
14.343699999999998
10.5939
32.1023
16.553600000000003
9.5398
17.891299999999998
25.616500000000002
21.7425
16.3345
10.8378
22.013499999999997
14.4121
14.121699999999999
21.4794
15.9154
12.8759
27.8439
11.7817
11.361400000000001
33.0859
20.978299999999997
10.3436
22.8008
11.367
23.935100000000002
15.863100000000001
21.1373
29.7427
11.2209
17.6772
22.9044
23.1429
16.112399999999997
30.3083
12.6435
30.4215
12.7621
19.4698
18.2885
30.252100000000002
14.9406
15.6933
15.2583
24.0409
15.4264
15.1552
14.1748
11.2262
16.2729
42.318099999999994
29.268900000000002
12.8184
15.0805
10.9945
18.5516
24.4289
9.88585
17.0955
32.2234
12.0877
17.9461
20.3219
32.7671
22.9034
31.980300000000003
9.70472
9.81781
13.8523
10.9787
15.963399999999998
32.3515
11.677399999999999
12.7232
12.2001
12.1247
26.1248
14.0603
19.8272
24.4455
15.2044
18.5731
11.9508
10.455499999999999
21.345200000000002
30.126
31.269699999999997
10.3967
10.180700000000002
18.711499999999997
33.3675
16.5447
11.365699999999999
11.692599999999999
14.800600000000001
15.1192
11.145800000000001
15.562
17.1757
10.6814
16.2964
12.0361
10.3826
11.222
17.1327
16.205299999999998
15.704200000000002
18.508
11.0361
14.4199
15.032
31.8258
9.81832
33.2204
19.5594
10.349
24.9652
13.3871
15.005299999999998
23.997600000000002
20.011000000000003
13.7934
13.0318
17.0013
11.442
13.369900000000001
14.678099999999999
20.9556
31.942800000000002
9.78909
9.690610000000001
24.4551
10.939499999999999
38.167699999999996
18.939999999999998
21.974
28.7533
10.3145
11.956299999999999
13.922199999999998
16.867900000000002
32.5398
33.1276
24.7902
25.5328
11.6366
13.9412
19.6839
22.8264
17.092699999999997
17.2353
18.1056
15.0704
24.5781
26.198800000000002
24.5619
16.316399999999998
10.0687
13.9413
17.8683
31.232300000000002
10.6901
30.0469
38.0066
20.308300000000003
23.7267
12.3974
17.9723
13.436399999999999
19.8212
11.0222
31.1852
32.634
20.331599999999998
10.588099999999999
31.919999999999998
16.7068
15.983500000000001
12.8027
26.1235
21.5186
19.474600000000002
25.9945
29.6877
13.8358
11.0867
10.057
27.671999999999997
12.224300000000001
32.6886
12.790899999999999
32.8521
9.53019
37.3042
20.7837
13.19
27.0087
20.7606
29.6312
33.206399999999995
14.1156
28.3657
17.8527
16.9448
12.361799999999999
30.1964
32.913199999999996
14.0504
24.818099999999998
15.4002
16.8098
12.0228
10.720699999999999
11.6692
24.112499999999997
