30.6749
22.7214
29.232999999999997
21.5901
12.7798
12.4917
16.5836
30.0834
28.1621
26.1196
30.7582
24.9953
21.888399999999997
23.2147
29.5331
26.189500000000002
26.165999999999997
20.9358
19.7635
12.3812
29.4831
25.3741
21.8503
13.6191
10.9352
29.683
11.1086
30.663800000000002
28.2845
27.6675
28.6388
25.8414
25.5597
16.132
19.8282
23.6143
22.9638
22.1985
15.699399999999999
26.6065
29.944100000000002
28.492900000000002
17.788700000000002
18.3384
14.6789
26.7432
26.9478
17.1776
21.7526
30.854400000000002
16.2726
16.3821
26.451900000000002
17.6768
15.8481
11.214699999999999
22.8954
17.313
26.9177
18.724500000000003
23.2436
28.3305
30.3494
20.2474
27.5772
12.3239
28.9446
14.536999999999999
29.168599999999998
30.749599999999997
17.0037
24.1007
26.0196
25.5043
22.8711
21.543300000000002
21.5453
26.8533
30.3713
23.9682
11.878400000000001
25.9788
15.6391
19.559
20.5397
15.5795
14.216299999999999
17.6031
29.956799999999998
14.1366
28.3464
15.7399
19.0889
13.4858
18.7353
23.3997
17.063499999999998
22.3577
27.229699999999998
13.6927
20.8081
13.5282
27.0049
12.8001
25.3598
16.0094
27.7246
26.5795
30.4782
11.0837
29.3079
30.9393
21.343500000000002
23.389400000000002
21.588900000000002
14.0797
21.7991
20.357400000000002
11.493599999999999
30.477899999999998
20.662300000000002
16.6674
28.773400000000002
28.5989
17.986800000000002
21.038999999999998
11.539000000000001
23.3517
15.820899999999998
16.6478
22.5715
22.7991
10.8451
26.1506
29.019099999999998
14.737200000000001
24.801
25.235799999999998
29.110500000000002
11.4495
29.6972
11.3802
19.4206
27.119500000000002
11.119499999999999
30.4858
15.0771
18.2185
17.4237
27.7379
19.9346
17.8631
26.3678
12.0535
17.8459
21.6829
25.453500000000002
23.657999999999998
17.8824
19.5558
11.5866
27.4931
25.220699999999997
29.989700000000003
12.7629
17.1234
30.6494
18.0609
31.757599999999996
22.6012
25.0539
24.4634
25.741699999999998
22.5889
27.5186
31.9172
25.4999
24.755699999999997
21.4954
25.043
22.604200000000002
21.2182
13.827900000000001
20.4323
29.121199999999998
26.2363
25.4833
20.605700000000002
12.0982
27.1906
21.385
27.8515
12.8585
29.050900000000002
17.4665
22.850700000000003
29.127299999999998
18.408
25.9179
14.782399999999999
17.629700000000003
25.1117
11.941
23.5687
20.208199999999998
11.866700000000002
14.9732
20.732899999999997
14.1722
20.168100000000003
13.5859
17.7253
14.961
11.2415
23.2459
27.8972
29.3158
13.9315
27.1385
11.1107
25.081200000000003
11.0703
23.8369
15.816799999999999
28.058699999999998
30.294999999999998
26.049300000000002
26.7656
26.4811
29.519299999999998
26.7188
26.559900000000003
26.065
22.9781
17.5375
31.134900000000002
30.300400000000003
25.010399999999997
26.6617
23.0775
16.273699999999998
13.378900000000002
21.8525
27.5366
10.871
23.8515
16.575400000000002
15.363999999999999
11.5567
14.1237
13.7683
21.292599999999997
21.2721
25.2845
23.1563
27.0712
30.6254
23.3427
25.0485
19.7418
24.1822
12.712299999999999
18.7821
15.5754
29.586399999999998
26.5055
28.1383
19.8015
20.628500000000003
28.9015
11.1461
10.91
22.7648
21.4256
16.199
30.6717
27.3148
20.1156
23.3569
18.37
18.1845
20.3118
26.761400000000002
16.9682
22.297
17.470699999999997
24.2951
20.7492
23.348
17.049000000000003
26.603
26.447100000000002
28.109599999999997
20.345100000000002
25.2619
18.048000000000002
14.2008
21.186300000000003
11.914
28.396500000000003
20.713800000000003
29.6872
25.341099999999997
26.5612
29.482000000000003
28.6088
25.633699999999997
25.2722
17.0615
23.5872
24.996399999999998
18.331400000000002
15.062100000000001
10.836
21.6314
21.0623
29.602300000000003
20.3646
31.2014
28.2283
29.1318
11.554
21.8207
24.2242
18.8386
27.4659
10.965000000000002
11.3307
13.229299999999999
12.8853
23.6344
25.235500000000002
15.6272
14.068000000000001
17.1166
16.9745
28.0792
26.284200000000002
29.6127
29.863899999999997
13.3323
27.2798
21.866699999999998
25.8872
27.8031
10.9675
22.9029
16.1866
30.8203
15.3056
13.656400000000001
24.2254
16.5823
19.0519
15.562899999999999
22.2026
10.980699999999999
11.0136
15.374799999999999
20.535899999999998
30.784599999999998
27.294999999999998
27.096
25.164700000000003
29.8652
28.9928
15.794300000000002
12.6271
11.2569
25.637
22.3754
21.2328
30.109199999999998
24.686300000000003
12.1858
24.7754
12.1342
21.177
31.0431
15.1185
19.2312
30.019199999999998
28.7031
11.3019
11.884
25.861800000000002
11.695300000000001
16.710900000000002
27.4407
19.6594
30.559800000000003
11.7355
25.636400000000002
13.1205
18.041999999999998
27.128
19.900199999999998
22.5426
23.7615
29.5399
