116.392
154.99699999999999
138.89499999999998
139.207
196.483
158.97
149.73700000000002
95.1725
114.526
133.952
98.8844
125.529
122.971
153.734
131.34699999999998
130.92999999999998
154.727
135.255
151.118
159.035
136.74
126.06700000000001
133.48399999999998
148.244
161.55700000000002
131.206
191.98299999999998
91.00410000000001
128.979
148.438
130.915
128.495
149.505
153.45000000000002
123.789
153.62300000000002
129.919
137.15099999999998
144.412
123.956
112.065
157.893
157.82
133.477
152.81300000000002
133.92399999999998
111.822
108.30099999999999
149.358
90.0905
165.406
178.536
122.893
176.381
168.78
165.352
152.825
168.858
104.681
135.662
151.203
140.99200000000002
105.687
128.441
123.11
178.978
143.76500000000001
152.96699999999998
136.273
90.1297
136.696
145.407
146.778
158.489
115.04499999999999
155.674
145.451
108.351
97.2899
127.98100000000001
168.601
154.71599999999998
157.75
152.21499999999997
139.427
160.507
173.038
159.053
102.948
167.90800000000002
115.29100000000001
152.17
165.554
157.411
172.944
127.857
155.81900000000002
132.262
137.25699999999998
143.047
131.585
160.75
138.23
156.894
143.066
133.001
127.1
125.603
117.76100000000001
189.21699999999998
109.234
94.3665
143.475
149.671
109.958
178.184
161.632
130.666
157.327
115.517
143.329
139.793
119.786
149.362
156.282
168.023
171.11499999999998
137.481
175.745
148.53900000000002
119.373
138.786
182.594
145.58499999999998
133.295
174.087
116.297
157.958
112.872
167.447
131.863
182.372
172.403
144.166
163.816
103.925
149.39600000000002
163.22400000000002
145.13
138.432
164.756
172.215
141.82500000000002
171.53099999999998
141.33200000000002
141.87900000000002
131.683
135.316
169.93
152.35399999999998
170.392
121.631
154.666
111.07000000000001
184.504
159.81
110.887
161.499
76.3899
126.64200000000001
132.797
175.30399999999997
129.591
116.279
108.721
225.601
121.38
148.304
162.752
123.996
151.263
134.473
153.98000000000002
153.037
127.23400000000001
115.43599999999999
108.574
154.493
140.841
121.42999999999999
161.499
126.54000000000002
178.68300000000002
123.80499999999999
149.535
140.677
130.823
123.936
135.522
159.58700000000002
135.043
147.32500000000002
184.621
125.199
160.972
182.774
137.603
151.979
175.648
149.88299999999998
162.017
147.544
161.841
162.64000000000001
137.12099999999998
151.472
128.766
148.916
138.268
188.082
164.198
183.65200000000002
105.534
162.35399999999998
135.035
131.404
112.304
124.5
122.904
107.237
132.988
133.03699999999998
144.83599999999998
127.78900000000002
158.455
82.1577
100.676
143.43
148.646
141.773
153.875
171.5
156.846
129.68699999999998
178.96
123.269
147.503
157.017
162.642
176.142
172.22199999999998
145.144
138.333
114.914
146.38000000000002
139.353
93.7906
122.25999999999999
153.034
159.75300000000001
133.908
193.186
173.537
141.274
99.27329999999999
126.641
130.462
129.404
140.32
110.546
182.41199999999998
171.00199999999998
169.909
126.87
157.50300000000001
97.2405
133.779
130.666
122.14999999999999
166.403
159.5
156.45600000000002
129.95999999999998
142.13400000000001
129.423
145.715
144.26500000000001
109.934
141.39
158.329
102.116
107.84
129.589
148.65300000000002
101.556
121.922
190.169
135.869
197.124
116.795
147.268
99.67869999999999
134.177
141.69
95.6725
130.624
132.62199999999999
149.988
142.507
140.535
119.255
134.75300000000001
165.23399999999998
189.062
153.342
145.764
114.596
140.46800000000002
78.4289
123.594
142.874
149.008
131.297
144.844
167.313
133.71099999999998
176.778
189.423
177.318
175.435
133.138
111.066
134.39200000000002
142.82
170.239
154.305
161.43699999999998
118.677
99.2934
129.302
176.49599999999998
144.083
144.79600000000002
143.292
121.901
158.006
152.31
195.40099999999998
109.094
134.63400000000001
150.81
124.707
155.905
146.057
136.389
116.252
156.288
176.327
163.14600000000002
135.078
76.94420000000001
123.709
141.234
158.12300000000002
119.349
122.568
154.433
152.203
164.045
130.899
117.797
127.15499999999999
101.123
160.995
161.292
131.45299999999997
170.904
155.06400000000002
84.0008
153.40699999999998
169.505
100.948
106.154
143.707
194.61999999999998
132.001
165.83700000000002
176.43800000000002
126.72
162.019
78.24889999999999
170.56099999999998
122.421
140.353
162.614
109.11
177.1
135.136
136.83
114.539
