110.468
148.947
132.576
135.75
183.734
154.841
145.944
92.3518
111.895
129.964
94.836
122.852
121.172
147.762
125.87400000000001
127.294
147.60000000000002
132.398
146.44899999999998
154.93
130.487
123.236
130.64600000000002
145.24200000000002
157.864
125.57799999999999
181.863
87.2619
124.70100000000001
141.704
126.203
125.26
143.504
149.239
122.24300000000001
147.552
127.24199999999999
133.815
141.457
120.98299999999999
108.433
148.51
152.568
131.26299999999998
149.003
129.70999999999998
109.824
107.974
144.476
85.8546
159.22400000000002
169.518
120.083
167.493
162.076
161.393
147.07799999999997
161.723
103.098
133.157
145.622
135.069
102.101
126.411
119.869
171.338
136.883
149.167
130.44
86.1538
134.368
140.477
141.039
150.93
113.683
149.831
141.186
106.57
94.1059
125.29199999999999
163.17000000000002
147.666
153.013
147.429
136.161
155.349
165.969
153.643
100.037
161.857
112.51700000000001
148.22199999999998
158.576
153.238
164.532
125.305
151.052
129.457
132.406
140.62
129.14700000000002
156.071
133.34099999999998
152.971
138.08200000000002
131.195
123.32600000000001
122.459
112.51700000000001
180.824
106.435
89.7438
139.525
144.294
109.056
172.851
154.662
128.40099999999998
154.446
110.60499999999999
139.547
137.191
116.30699999999999
141.735
151.23
160.017
165.396
133.83800000000002
167.579
144.891
117.75099999999999
135.11100000000002
175.34900000000002
139.976
128.03
166.633
114.48700000000001
150.59900000000002
109.893
162.40099999999998
126.12
174.466
163.90099999999998
138.403
159.52700000000002
100.22300000000001
145.951
156.929
141.76500000000001
133.213
157.693
164.20100000000002
136.679
165.50799999999998
138.34799999999998
138.064
128.189
131.865
162.40699999999998
147.54700000000003
164.77800000000002
118.587
147.92
107.49000000000001
175.35500000000002
154.391
105.98299999999999
155.557
67.9019
124.372
129.28500000000003
164.184
126.25900000000001
114.87400000000001
106.73
207.99300000000002
118.99
142.746
155.65599999999998
121.464
145.857
131.649
150.202
147.916
122.661
113.359
107.117
149.095
139.595
118.52300000000001
154.678
122.774
170.88500000000002
119.677
145.589
136.747
125.811
122.579
131.39999999999998
154.771
132.78400000000002
141.8
175.846
122.879
154.556
176.179
135.51399999999998
146.94899999999998
168.043
145.304
157.125
143.81199999999998
156.618
158.45000000000002
133.548
144.017
123.866
145.767
133.314
179.00900000000001
155.648
175.697
104.53800000000001
156.829
130.112
124.521
110.509
121.41399999999999
120.085
104.424
128.906
129.008
139.363
125.331
153.159
75.0107
97.51310000000001
138.509
142.36599999999999
137.64100000000002
149.573
165.00799999999998
150.711
125.68199999999999
172.52100000000002
121.07600000000001
144.00199999999998
152.45600000000002
159.14700000000002
168.44400000000002
167.78199999999998
140.98
135.05100000000002
113.108
141.576
134.282
90.2266
120.262
146.633
153.684
130.496
181.57999999999998
164.972
138.69899999999998
96.7941
123.405
126.08
127.354
136.927
107.892
174.671
165.772
160.95000000000002
124.792
152.674
93.57000000000001
129.34699999999998
128.442
120.16
159.46099999999998
153.872
150.809
126.24
139.215
126.93199999999999
142.268
139.446
109.14
137.24
153.17
100.725
106.202
125.323
144.211
100.44
120.762
182.528
132.894
187.105
113.85199999999999
142.94
97.1143
130.411
136.488
93.3017
125.964
128.959
144.00199999999998
139.52700000000002
136.43800000000002
117.18199999999999
132.409
159.406
180.234
147.865
141.568
111.058
137.11100000000002
72.8292
119.989
135.951
146.434
128.702
139.961
160.054
129.23000000000002
170.87800000000001
181.15
169.679
168.327
129.95399999999998
109.516
132.512
140.347
162.87699999999998
149.785
151.592
116.33300000000001
96.795
123.708
168.99900000000002
138.259
140.546
138.11200000000002
118.696
154.692
146.647
186.856
103.25099999999999
132.781
147.485
122.294
151.233
142.253
134.325
114.90899999999999
153.18300000000002
170.55200000000002
157.599
132.316
72.58330000000001
120.51599999999999
135.90099999999998
150.75900000000001
115.024
118.61099999999999
150.156
148.945
159.636
127.444
116.31700000000001
125.083
98.15899999999999
153.254
158.08700000000002
128.178
166.41400000000002
149.424
78.6182
149.421
161.695
98.0711
103.858
141.786
185.288
128.342
160.941
167.82
123.11999999999999
155.56
74.0613
166.031
119.894
138.314
156.477
107.215
167.355
131.965
133.166
111.067
