37.1969
16.9902
30.572499999999998
15.7098
10.3534
10.702100000000002
10.8187
33.529999999999994
27.1723
22.458599999999997
37.1714
20.523300000000003
16.2384
17.6547
31.6841
22.6114
22.4648
15.008199999999999
13.642
10.893699999999999
31.517799999999998
21.1559
16.0704
8.838330000000001
14.2181
32.2988
13.4692
36.2299
27.4966
25.8263
28.5469
21.9693
21.340999999999998
10.4386
13.987599999999999
18.2132
17.4992
16.4557
10.1834
23.4865
33.22689999999999
28.1376
11.7593
12.4535
9.38031
23.719
24.2864
11.8719
15.821399999999999
37.3279
10.4746
10.5046
23.180300000000003
11.574
10.1335
14.477
17.2303
11.2958
24.287
12.780100000000001
17.7081
27.630399999999998
35.043699999999994
14.351700000000001
25.654300000000003
11.013399999999999
29.5674
9.28088
30.327199999999998
36.6774
11.2767
18.9697
22.2059
21.2107
17.5673
15.5359
15.6061
24.1169
34.929300000000005
18.9108
11.797
22.101300000000002
10.0375
13.431000000000001
14.539399999999999
9.97653
8.95174
11.5924
33.1401
8.920819999999999
27.677799999999998
10.1507
12.8971
9.05203
12.5326
18.107000000000003
11.1616
16.6995
24.7849
8.79256
14.908299999999999
8.98521
24.271500000000003
10.177200000000001
21.0165
10.534999999999998
26.0062
23.4211
36.016
14.6601
30.6846
38.2374
15.389399999999998
17.9181
16.0999
12.3086
15.806899999999999
14.4391
14.3046
35.9673
14.6359
10.9734
28.947400000000002
28.4502
11.941500000000001
14.900500000000001
12.4489
17.9512
10.083699999999999
10.8791
17.1217
17.201
14.4446
22.464100000000002
29.7908
9.30482
20.3074
20.7388
30.0226
12.6328
32.3637
12.8036
13.1889
24.513199999999998
13.4014
35.725699999999996
9.68698
12.1057
11.542300000000001
26.0174
13.735000000000001
11.7507
22.909599999999998
11.479
11.9372
15.795300000000001
21.2504
18.397199999999998
11.777
13.426799999999998
12.3545
25.4576
20.7238
33.4161
10.283900000000001
11.185799999999999
36.886700000000005
11.975200000000001
40.674
17.066499999999998
20.560100000000002
19.4253
21.7792
17.189
25.5823
23.5609
21.4155
19.9739
15.4437
20.6161
16.8598
15.3299
8.795630000000001
14.318100000000001
30.1226
22.817500000000003
21.5318
14.4937
13.7657
24.7574
15.3219
26.3302
10.1035
29.8661
11.5421
17.253
30.158399999999997
12.6403
22.0667
9.40817
11.8166
20.5686
11.7133
18.369699999999998
14.0359
14.2483
9.72037
14.6473
8.911769999999999
14.0631
8.89352
11.7782
9.520900000000001
13.0998
17.8095
26.4238
30.8311
8.90114
24.5725
13.4375
20.4565
13.520199999999999
19.031
10.1429
26.866500000000002
35.2145
22.4955
23.8143
23.2387
31.439099999999996
23.6716
23.3401
22.3009
17.5406
11.5402
39.2523
34.672599999999996
20.418599999999998
23.4942
17.5451
10.545
9.23597
15.895
25.5349
14.489099999999999
18.7916
10.8301
9.839820000000001
14.3225
8.87738
12.587900000000001
15.3181
15.353
21.1142
17.6188
24.4166
36.1479
18.0925
20.4363
13.5658
19.174
10.427999999999999
12.5739
10.1203
31.605099999999997
23.2639
27.0876
13.8864
14.625900000000001
29.3292
13.329600000000001
14.0359
16.9859
15.650500000000001
10.463000000000001
36.5645
24.993499999999997
14.189
18.1131
12.225700000000002
12.0962
14.169599999999999
23.776100000000003
11.1928
16.6544
11.5768
19.271
15.1737
17.9155
11.1337
23.6764
23.302400000000002
27.0099
14.2567
21.2702
12.351600000000001
12.22
15.28
14.261700000000001
27.8186
14.6601
31.992
21.0374
23.3055
31.1844
28.4539
21.5634
20.831200000000003
11.2655
18.2557
20.587600000000002
12.4327
9.5745
14.383
15.6527
15.0542
31.8284
14.3447
38.4835
27.3418
30.2197
12.4562
16.058300000000003
19.1594
12.6523
25.3525
14.5633
14.589599999999999
9.4901
10.0511
18.3827
21.0801
10.2312
9.04364
11.1266
11.0992
26.93
22.8816
31.703599999999998
33.0689
9.32095
24.884900000000002
15.989900000000002
21.9695
26.2181
13.9805
17.2432
10.1805
38.0052
9.99205
8.77837
19.324399999999997
10.773100000000001
12.9873
10.1613
16.7124
13.9522
14.578199999999999
9.81123
14.578199999999999
35.8931
24.9846
24.467200000000002
20.6157
32.9713
29.6656
10.1754
10.4715
13.0616
21.581
16.9003
15.429
33.7788
19.8098
13.9028
20.1152
13.9997
15.1194
38.0841
9.68675
13.016
33.374500000000005
28.7095
13.0572
14.2764
21.9836
12.1431
10.7722
25.3139
13.4712
34.9416
14.2749
21.6466
9.652239999999999
11.9524
24.6966
13.6533
16.9036
18.532400000000003
31.584
