43.280300000000004
81.98859999999999
63.65410000000001
82.72160000000001
97.38189999999999
97.5228
90.5111
52.0893
65.963
74.3042
41.983
75.4621
79.96060000000001
81.1723
61.216300000000004
73.8481
75.1519
83.2669
86.1636
97.7659
61.9064
74.78410000000001
81.6825
94.68039999999999
103.437
60.0773
102.17
44.5025
67.43499999999999
70.9941
66.26089999999999
74.2862
76.476
91.35079999999999
82.6717
80.4628
79.5079
81.6434
91.292
71.9365
56.160000000000004
67.8877
89.2795
86.3382
93.46849999999999
72.6919
68.76559999999999
81.29069999999999
83.2243
40.041599999999995
91.5594
91.25139999999999
72.1009
89.238
92.1601
105.946
81.649
89.9805
66.96889999999999
86.2434
81.0356
68.2898
50.819700000000005
83.1477
69.169
98.2285
65.4598
93.6798
63.8193
42.8083
88.5776
79.3023
75.3848
76.7542
76.7503
83.7201
83.3955
68.1487
49.5892
77.6916
99.2559
75.6359
92.219
86.4896
84.2824
92.4025
94.5921
89.573
54.669200000000004
94.75609999999999
65.4105
91.7722
87.4557
95.49050000000001
87.8525
78.52720000000001
90.2665
80.7383
71.7347
94.0266
82.9712
95.5907
72.45400000000001
96.7839
76.64880000000001
89.2068
69.2059
72.2594
49.1652
107.212
60.1073
33.888799999999996
83.5084
80.7314
76.9721
112.001
83.4825
83.4177
105.697
49.153299999999994
84.3981
89.4258
64.3916
67.26509999999999
88.9571
84.54440000000001
100.187
79.8444
92.1388
90.3295
78.24159999999999
80.90390000000001
104.786
75.0305
64.58579999999999
93.694
74.0335
77.3631
61.7767
100.366
59.9796
100.779
86.8552
72.3519
101.502
48.5137
92.6322
88.6435
89.04249999999999
70.173
86.2209
89.0442
74.2865
98.85770000000001
88.0952
82.8914
75.497
79.1104
89.0664
86.49950000000001
100.042
69.2369
77.3286
55.6168
97.2055
90.2931
44.655300000000004
88.89529999999999
40.7356
79.5842
76.39020000000001
78.5525
74.645
77.4471
66.5814
127.04899999999999
73.8163
78.1299
83.92360000000001
75.14519999999999
82.0249
82.7585
94.7603
85.3998
63.5959
71.17370000000001
70.9742
85.1849
103.34
70.08359999999999
84.0702
68.74719999999999
96.98389999999999
63.570100000000004
89.37689999999999
80.95620000000001
63.818799999999996
84.5125
74.9124
93.5584
87.4969
77.34190000000001
99.236
77.7869
85.8346
109.167
91.3356
84.93249999999999
94.64880000000001
85.5685
95.5502
88.8887
93.2979
100.867
80.0003
70.2284
62.514399999999995
94.19850000000001
72.0692
102.02
77.6014
102.138
72.55330000000001
92.1351
68.8403
52.9248
70.8161
71.65100000000001
72.0392
58.5555
72.6888
73.1195
75.16829999999999
79.15379999999999
89.6618
32.682500000000005
50.9652
77.4229
73.7917
80.6324
91.1956
96.0517
83.3245
70.09559999999999
105.034
76.9981
90.3241
92.5444
106.568
94.7333
110.856
83.7265
83.0745
72.84259999999999
80.90350000000001
72.3276
45.4564
77.6732
77.60069999999999
86.53869999999999
78.017
97.43889999999999
87.7796
91.09490000000001
56.5232
72.58539999999999
68.13629999999999
83.872
84.2281
62.3064
101.702
103.19
81.7851
81.3545
91.4754
44.5041
71.1955
83.72
77.63059999999999
88.38310000000001
88.7024
85.6683
72.3054
89.2524
80.4699
89.04289999999999
78.8871
77.9098
80.1918
90.3765
66.9399
68.8439
68.18169999999999
85.25489999999999
69.11359999999999
84.41
113.459
82.96340000000001
110.232
65.43440000000001
84.6711
55.9779
76.0252
73.83109999999999
56.1156
66.35539999999999
75.262
77.0547
89.1874
79.7402
74.33919999999999
86.56410000000001
93.2137
104.589
83.506
84.0887
59.1548
84.6342
34.616099999999996
67.10130000000001
64.4476
98.85860000000001
81.4564
79.0507
87.78030000000001
70.7602
105.812
108.10799999999999
96.2954
96.9293
78.9362
72.0664
89.9209
93.3894
90.26289999999999
90.3124
69.4519
71.65249999999999
56.3684
58.2939
96.1264
71.9119
82.8465
75.4281
68.2809
102.536
81.61749999999999
116.077
36.394200000000005
90.4131
94.8147
76.7016
90.9033
86.9696
90.3561
77.93350000000001
102.348
106.09100000000001
92.74680000000001
83.8235
40.1671
70.10289999999999
72.3357
77.50319999999999
57.5337
63.684599999999996
91.8436
96.83930000000001
100.87100000000001
75.034
78.11460000000001
81.6611
52.9914
78.4189
107.48
76.6932
108.55499999999999
84.27619999999999
34.935599999999994
92.8034
87.2286
53.8197
62.3001
99.1608
110.027
74.7156
99.6426
90.7757
70.006
86.68140000000001
42.700799999999994
107.781
73.69149999999999
94.6283
88.921
67.71520000000001
85.9347
80.89739999999999
79.0557
59.54750000000001
