27.760199999999998
19.9413
14.4703
22.031100000000002
39.844699999999996
39.993500000000004
31.4537
20.0374
13.1082
11.430299999999999
27.7871
14.2256
21.0266
18.848899999999997
15.7921
11.1841
11.4399
23.1675
25.558999999999997
40.2882
15.4477
13.2416
21.4054
37.3675
46.7986
16.4839
44.840199999999996
25.188
12.5655
11.0439
13.1541
12.1067
13.174999999999999
32.389599999999994
24.8918
17.9406
19.0632
20.7997
33.1254
10.8739
18.459400000000002
12.1709
29.3081
27.8985
35.301
10.5425
11.891300000000001
29.2578
21.878800000000002
28.5391
32.2318
32.139599999999994
10.8103
29.7036
33.1083
48.6263
19.545199999999998
30.2522
12.4296
27.2869
18.7623
12.231300000000001
21.723699999999997
24.2114
11.8464
40.6278
13.494900000000001
35.5841
14.3317
26.4239
30.4339
16.725299999999997
11.8397
13.3795
18.7911
22.3615
22.2213
12.071
22.012
16.7808
41.8519
12.0016
33.4178
25.931099999999997
23.9822
33.5659
36.442299999999996
29.6434
18.907799999999998
36.549400000000006
13.3541
33.1525
26.9336
37.7807
27.6871
18.0674
30.5775
20.3796
10.8704
37.1216
23.3048
37.73350000000001
10.618300000000001
39.259299999999996
13.6354
32.3024
11.8336
10.7709
23.5417
49.0896
15.9008
33.3181
22.5717
18.4205
21.0246
50.219100000000005
21.924599999999998
24.085800000000003
48.7853
23.467200000000002
23.8385
31.145
13.925699999999999
12.5472
28.945800000000002
23.4423
42.9578
18.3562
33.2299
31.3125
19.5635
19.5829
47.415800000000004
11.4412
13.9823
35.409000000000006
14.4937
14.1096
15.1183
43.2247
16.5394
43.591499999999996
26.4025
10.5449
44.571
23.270200000000003
34.444500000000005
28.608999999999998
29.7456
11.4135
25.4245
29.3374
10.7525
41.338300000000004
28.9354
21.8969
13.184899999999999
17.631
29.2807
25.9388
42.800900000000006
11.8271
14.1248
18.769399999999997
39.639599999999994
30.497799999999998
26.511300000000002
28.881
47.8349
19.742
14.1953
16.1115
12.3962
19.4084
12.6835
32.116400000000006
12.8124
15.1729
22.5256
14.0722
20.1574
22.6272
37.0246
24.398799999999998
14.4798
11.0921
12.5088
24.102999999999998
48.4217
11.5206
22.7255
12.0232
39.3535
14.4184
29.740099999999998
19.5011
14.3709
27.4727
12.037
35.1691
29.183699999999998
14.3104
41.826299999999996
17.628600000000002
24.897
50.1086
34.4569
23.837400000000002
36.5587
24.8272
37.6279
29.263299999999997
34.8284
43.968399999999995
18.5853
11.283
15.0397
36.7363
10.7448
44.739599999999996
14.5535
44.8897
16.3271
33.11
11.975299999999999
21.1985
11.179
10.9757
10.8316
16.7272
10.5587
10.4291
11.692400000000001
18.984
29.7485
43.3683
21.328300000000002
14.4996
10.016499999999999
19.0243
32.1141
38.1493
21.7726
11.4938
47.6608
16.941100000000002
31.4411
33.9611
49.1366
36.661899999999996
50.139
22.6959
22.6145
13.2263
18.9077
10.6437
24.809500000000003
18.052
14.5325
25.7106
16.3854
39.90839999999999
27.600900000000003
33.320299999999996
17.5056
10.664
12.2688
25.0768
23.840799999999998
14.739
44.4774
46.1194
19.9594
22.0295
32.3012
25.7684
11.0846
24.5112
18.0179
28.3429
28.641199999999998
24.6594
10.719
30.5944
20.428
29.6649
16.2442
22.645100000000003
18.4208
30.6306
12.4085
11.7919
12.2599
24.492
12.8065
28.0739
50.3908
22.7198
50.3996
13.350900000000001
23.8033
17.8544
13.5217
10.146799999999999
17.4589
13.1028
12.7465
13.9466
30.4174
17.869300000000003
14.0835
27.944799999999997
34.657000000000004
47.1706
22.1647
23.137
16.6693
24.3185
33.3352
12.713099999999999
14.0529
42.7359
21.4075
16.4222
27.4384
11.2518
48.2716
49.6429
38.5302
39.2581
17.6477
13.2368
33.0852
36.3515
30.6032
30.736900000000002
11.376900000000001
10.923499999999999
17.599400000000003
17.5195
38.3014
10.7101
21.59
12.2018
12.185400000000001
46.0379
19.5241
49.516
32.3564
33.729
37.3313
16.1054
31.5268
26.8178
33.2539
20.165200000000002
45.9696
48.4742
34.003699999999995
23.887999999999998
25.9783
11.5069
10.6081
14.2963
17.769900000000003
14.318000000000001
33.0711
39.5883
43.911
12.699300000000001
19.891099999999998
22.3966
19.895
15.472700000000001
49.627900000000004
14.8901
49.9588
23.0518
31.736800000000002
34.4135
26.7014
19.3551
14.6248
43.7322
50.3434
12.1328
42.4283
31.4643
11.5169
25.8803
24.2347
49.6558
12.4689
38.277499999999996
28.9264
12.256599999999999
25.6084
20.0623
17.4175
16.4209
