69.5904
107.869
90.18339999999999
105.656
122.116
120.99600000000001
113.778
71.16069999999999
86.9362
97.9345
65.20729999999999
96.8785
99.2278
107.017
86.9862
96.90360000000001
102.18599999999999
105.003
110.849
121.176
88.41300000000001
96.5787
103.41300000000001
116.687
125.8
86.0373
126.79799999999999
64.37660000000001
91.712
97.5834
91.0898
96.7316
102.644
115.175
101.51
106.389
100.938
104.347
113.25
93.83
79.1391
95.7808
114.313
106.877
116.715
96.7672
88.11720000000001
95.1704
108.17999999999999
61.048199999999994
117.134
117.833
93.711
116.11399999999999
117.99600000000001
128.239
107.256
116.325
84.52590000000001
107.307
106.5
94.2822
73.56989999999999
103.102
91.5297
123.727
92.38499999999999
116.92099999999999
89.96
62.883300000000006
109.336
104.09100000000001
101.303
103.923
94.6129
109.559
107.522
86.533
70.18090000000001
99.0876
123.762
102.592
116.654
111.312
106.771
117.258
120.44000000000001
114.733
75.5172
120.031
86.75489999999999
115.323
113.873
119.265
114.66600000000001
99.6665
114.67399999999999
102.453
96.6831
114.873
103.786
119.872
97.41890000000001
120.07900000000001
101.633
108.78
92.5441
94.46079999999999
74.7231
130.959
81.2575
57.9343
107.207
105.994
93.0346
134.117
109.97999999999999
103.86099999999999
126.54000000000002
74.3683
107.875
110.75999999999999
87.18299999999999
94.6187
113.809
111.478
124.792
103.142
118.491
113.406
96.952
104.20100000000001
129.04399999999998
100.81700000000001
90.0598
119.717
93.1535
104.405
83.4534
124.487
86.0847
125.98599999999999
113.705
98.4767
124.739
71.3646
115.376
114.698
111.645
95.716
112.704
115.82199999999999
99.57140000000001
123.781
110.07799999999999
106.38
98.39670000000001
102.08
115.702
111.346
124.596
91.2136
104.05300000000001
78.4892
122.86
115.368
69.85249999999999
114.638
47.4253
100.07199999999999
99.3666
106.12299999999999
97.25930000000001
95.48429999999999
85.6409
150.929
94.5252
103.686
110.47999999999999
96.2033
107.40299999999999
104.434
118.032
110.524
88.1817
90.8777
88.5035
110.579
120.551
91.7877
110.462
92.0435
122.705
87.5485
112.865
104.699
88.98979999999999
102.765
98.746
117.998
108.13300000000001
102.94300000000001
124.591
98.3991
111.99499999999999
132.467
111.571
109.961
120.614
110.131
120.01299999999999
112.067
118.16799999999999
124.131
103.157
97.2691
87.5921
116.539
97.1423
126.87799999999999
105.082
127.01599999999999
88.62209999999999
117.247
94.0168
79.8147
89.6608
93.7275
93.6651
79.5573
96.567
96.8985
100.816
100.08200000000001
114.693
40.5895
72.2438
102.322
100.30699999999999
104.70599999999999
115.138
121.479
109.289
93.7992
129.056
97.2981
113.213
116.799
128.25400000000002
120.702
132.81
107.722
105.693
91.9153
105.69099999999999
97.558
66.10929999999999
97.4602
104.107
112.441
100.95700000000001
122.50500000000001
114.605
112.35000000000001
75.6164
94.9516
92.5646
103.91300000000001
106.97800000000001
83.20429999999999
126.70500000000001
126.99499999999999
109.17200000000001
101.30699999999999
116.01100000000001
66.6189
95.5389
104.101
97.39699999999999
114.85
114.191
111.263
95.5376
111.22999999999999
101.464
111.766
103.548
93.65650000000001
104.249
115.172
83.57000000000001
86.87979999999999
92.3837
109.64500000000001
84.86349999999999
102.074
135.639
104.92999999999999
133.103
87.19369999999999
108.904
75.397
99.33309999999999
99.1699
74.0063
91.12629999999999
98.38959999999999
103.218
111.251
103.70100000000001
94.223
107.361
118.59
128.86
109.081
108.137
82.0425
107.281
49.8025
90.0976
91.36959999999999
119.813
102.67099999999999
103.78800000000001
114.32199999999999
95.1859
129.453
131.775
122.018
122.549
101.377
90.06649999999999
109.691
114.4
116.66
114.488
97.5204
92.27159999999999
75.52029999999999
84.32639999999999
121.82600000000001
98.0541
106.986
100.777
90.5942
124.434
107.147
137.709
62.638
110.076
117.407
97.4758
115.26
110.248
110.553
95.8376
123.929
129.636
117.919
105.36800000000001
54.4193
92.3742
97.94210000000001
104.55499999999999
81.8333
87.3882
115.761
119.083
124.36999999999999
97.85249999999999
96.4136
101.617
73.7992
105.66799999999999
128.707
99.3406
131.07399999999998
109.95299999999999
54.830999999999996
116.336
113.912
74.30489999999999
81.8574
118.56700000000001
133.056
97.81280000000001
123.695
117.407
93.1198
112.814
56.7632
130.445
94.7732
114.483
114.816
86.48110000000001
113.099
103.297
102.42099999999999
82.3305
