105.754
144.18900000000002
127.587
132.601
174.673
151.148
142.489
90.22710000000001
109.419
126.587
91.7222
120.253
119.17
143.047
121.457
124.13499999999999
142.013
129.616
142.506
151.255
125.55199999999999
120.546
127.89
142.348
154.526
121.062
174.174
84.8347
121.16799999999999
136.39399999999998
122.317
122.334
138.712
145.505
120.42500000000001
142.768
124.607
130.752
138.587
118.237
105.412
141.47799999999998
148.21599999999998
128.934
145.519
126.20799999999998
107.793
107.17500000000001
140.446
83.14680000000001
154.25300000000001
162.81300000000002
117.43199999999999
160.84300000000002
156.768
157.888
142.538
156.196
101.498
130.61100000000002
141.192
130.32
99.1645
124.22500000000001
116.986
165.298
131.52800000000002
145.68800000000002
125.76799999999999
83.6533
131.95499999999998
136.469
136.436
145.047
112.08
145.202
137.533
104.79299999999999
91.67490000000001
122.666
158.565
142.13
148.93200000000002
143.40800000000002
133.112
150.998
160.37699999999998
149.188
97.5835
156.899
109.947
144.65
153.191
149.5
158.189
122.757
146.985
126.73
128.468
138.143
126.65299999999999
151.98700000000002
129.374
149.422
134.066
129.17000000000002
120.12599999999999
119.607
108.308
174.30599999999998
103.924
86.35990000000001
136.064
139.994
107.862
168.462
149.277
126.03500000000001
151.70700000000002
106.621
136.177
134.576
113.323
135.90099999999998
147.008
153.89700000000002
160.59799999999998
130.608
161.374
141.53099999999998
115.907
131.85
169.56
135.47500000000002
123.732
160.823
112.542
144.848
107.239
158.078
121.52499999999999
168.19
157.50400000000002
133.73
155.75
97.2433
142.727
151.94299999999998
138.604
128.942
152.275
158.151
132.53300000000002
160.502
135.45499999999998
134.692
125.09799999999998
128.76000000000002
156.65699999999998
143.513
160.052
115.821
142.574
104.505
168.413
149.917
102.03099999999999
150.783
63.6963
122.012
126.173
156.1
123.273
113.229
104.782
196.44
116.58399999999999
138.30700000000002
150.18699999999998
118.957
141.52200000000002
128.892
146.74599999999998
143.708
118.87
111.22200000000001
105.54299999999999
144.72099999999998
138.04
115.831
149.385
119.583
164.77800000000002
116.26
142.05100000000002
133.328
121.688
120.901
127.934
150.616
130.422
137.39000000000001
169.076
120.495
149.544
170.892
133.281
142.80499999999998
162.11700000000002
141.42499999999998
152.889
140.41699999999997
152.21
154.738
130.36
138.262
119.82900000000001
142.764
129.306
171.96900000000002
149.10999999999999
169.38400000000001
103.30300000000001
152.254
126.076
119.118
108.62299999999999
118.603
117.42800000000001
101.944
125.48500000000001
125.617
134.97799999999998
122.84
148.774
70.7933
94.94969999999999
134.526
137.343
134.103
145.783
159.742
145.91000000000003
122.332
167.283
118.783
140.745
148.48
155.978
162.45999999999998
163.99800000000002
137.38400000000001
132.00400000000002
111.179
137.625
130.17999999999998
87.6989
118.118
141.544
148.876
127.427
173.174
158.535
136.106
94.74390000000001
120.495
122.46700000000001
125.15200000000002
133.799
105.446
168.501
161.349
154.12300000000002
122.57300000000001
148.548
90.78110000000001
125.716
126.107
118.021
154.07999999999998
149.29700000000003
146.274
123.044
136.36599999999999
124.414
139.053
135.511
108.02000000000001
133.697
148.857
99.276
104.518
121.806
140.423
99.18870000000001
119.245
176.60999999999999
130.04
179.596
111.178
139.23
95.0003
127.15099999999998
132.303
91.43950000000001
122.126
125.76899999999999
139.239
136.633
132.932
114.997
129.98399999999998
154.618
173.37900000000002
143.465
137.94600000000003
108.07600000000001
134.001
69.37780000000001
116.909
130.578
143.869
126.10499999999999
135.98499999999999
154.48899999999998
125.553
166.02
174.728
163.691
162.65099999999998
127.01200000000001
107.846
130.433
137.834
157.204
145.874
144.27599999999998
113.97200000000001
94.7325
119.21900000000001
163.102
133.546
136.909
133.936
115.843
151.617
142.16
180.335
98.6041
130.722
144.357
119.85
147.216
138.837
132.11
113.30999999999999
150.256
165.782
152.99699999999999
129.592
69.90209999999999
117.654
131.57399999999998
145.005
111.44
115.34
146.371
145.875
155.76899999999998
124.381
114.601
122.86800000000001
95.7141
147.244
155.135
125.20500000000001
162.56599999999997
144.91299999999998
75.6493
145.81900000000002
155.754
95.6927
101.742
139.701
178.21200000000002
125.16
156.718
161.36800000000002
120.017
150.50900000000001
71.5712
162.145
117.402
136.124
151.583
105.33099999999999
160.019
129.011
129.933
108.122
