81.28960000000001
119.548
102.165
114.99
136.461
131.078
123.55199999999999
78.07730000000001
94.94189999999999
107.71600000000001
74.4408
105.172
106.449
118.631
98.29690000000001
106.253
114.638
113.663
121.422
131.249
100.327
105.02799999999999
112.066
125.579
135.607
97.47269999999999
140.227
71.7188
101.741
109.881
101.58300000000001
105.63300000000001
114.346
125.39
108.396
118.147
109.345
113.525
122.003
102.393
88.3044
109.333
125.48699999999998
114.69
126.437
106.76299999999999
95.2855
99.9206
118.84500000000001
68.92710000000001
129.085
131.177
102.078
129.409
130.31300000000002
138.16
118.703
128.756
90.7941
115.542
117.797
105.946
82.5552
110.668
100.415
136.33700000000002
104.74600000000001
126.62
101.591
70.2918
117.322
114.854
112.77900000000001
116.64099999999999
101.037
121.03999999999999
117.637
93.22840000000001
77.8796
107.453
134.957
114.99199999999999
127.37299999999999
121.997
115.96199999999999
128.34
132.939
126.04099999999998
83.3969
131.863
94.9702
125.21499999999999
126.139
129.32399999999998
127.83
107.902
125.46799999999999
111.042
107.32600000000001
123.126
111.896
130.438
108.107
129.94400000000002
112.417
116.15899999999999
102.047
103.233
85.8393
143.72199999999998
89.31649999999999
67.76079999999999
117.045
117.148
98.6788
145.009
122.344
111.76700000000001
135.20499999999998
85.1543
117.587
119.085
96.2907
107.423
124.811
124.523
136.241
112.56700000000001
131.55700000000002
123.002
103.84599999999999
113.689
141.507
112.18
101.157
132.554
100.18599999999999
117.002
91.836
135.47
97.6149
138.648
126.96099999999998
109.947
135.185
80.4442
124.68799999999999
126.56700000000001
120.932
106.704
125.07499999999999
128.67999999999998
110.52
135.36
118.904
116.071
107.602
111.29400000000001
128.31
122.048
135.965
99.8347
116.287
87.58109999999999
136.37
126.714
80.6418
126.29000000000002
51.343199999999996
107.913
108.602
120.375
106.27499999999999
101.995
92.6324
161.252
102.43299999999999
115.06700000000001
122.934
104.31899999999999
118.556
113.058
127.70200000000001
121.42500000000001
98.5436
98.263
94.78699999999999
121.703
126.92899999999999
100.247
122.74
101.549
135.556
97.3763
122.77000000000001
114.434
99.8501
109.44500000000001
108.66199999999999
128.762
116.01899999999999
114.274
137.667
106.34
123.881
144.162
119.349
120.776
133.462
120.60300000000001
130.795
121.745
129.328
134.45499999999998
112.518
110.03200000000001
98.3324
125.563
107.882
140.033
118.323
139.783
94.1793
128.685
104.715
92.1602
96.5874
102.424
102.044
87.5313
106.387
106.644
112.062
108.224
125.916
49.012899999999995
80.33070000000001
112.993
112.17699999999999
114.63900000000001
125.43399999999998
133.555
121.059
103.582
141.083
105.041
122.63000000000001
127.356
137.604
133.599
142.94799999999998
117.76
114.86200000000001
98.92049999999999
116.26400000000001
108.413
73.8326
104.894
116.127
124.09299999999999
110.104
136.709
127.84100000000001
120.671
82.56869999999999
103.836
102.713
111.499
116.297
91.1415
139.356
138.222
122.69099999999999
108.943
126.79799999999999
75.1809
105.765
111.95700000000001
104.82
127.11200000000001
125.61500000000001
122.59
105.003
119.972
109.636
121.155
114.208
99.1751
114.194
126.31899999999999
89.4098
93.34620000000001
102.404
119.988
90.28410000000001
108.481
147.71
113.767
145.917
95.64699999999999
119.124
82.5075
108.841
110.158
80.3844
101.559
107.779
114.915
120.078
113.588
101.75399999999999
115.34899999999999
130.223
141.985
120.249
118.22
91.12580000000001
116.578
56.2638
99.3975
103.73400000000001
128.352
110.985
114.50200000000001
126.76
105.461
141.107
144.348
134.866
134.967
110.318
96.6223
117.18
122.682
129.227
125.006
111.261
100.066
82.5007
95.7276
134.602
109.57600000000001
117.06800000000001
111.781
99.4197
133.824
118.545
149.753
74.3136
117.548
126.62899999999999
105.49300000000001
125.913
120.07
118.27
102.269
133.08800000000002
141.17
129.333
113.88
59.4563
101.185
109.03999999999999
117.155
91.9118
97.009
126.04399999999998
128.321
134.88
107.00999999999999
103.06
109.248
81.6353
118.494
137.655
108.318
141.289
121.25800000000001
62.1313
126.26799999999999
126.767
81.9789
89.06890000000001
126.23400000000001
145.727
107.193
134.518
130.57399999999998
102.377
124.738
61.6793
140.764
102.845
122.313
126.59799999999998
93.3849
127.00200000000001
112.281
111.853
91.3424
