91.3202
129.658
112.509
122.484
150.47
139.47
131.629
83.3698
101.201
115.667
81.83210000000001
111.691
112.068
128.658
107.861
113.827
125.593
120.573
130.172
139.607
110.60300000000001
111.704
118.914
132.71099999999998
143.584
107.187
153.243
77.3596
109.942
120.545
110.273
112.743
124.331
133.897
113.69200000000001
128.24099999999999
115.968
120.87
129.149
109.178
95.6269
121.789
134.83999999999997
120.922
134.548
114.97200000000001
100.801
103.36099999999999
127.747
75.04329999999999
139.28799999999998
143.431
108.682
141.731
140.942
146.481
128.517
139.66
95.5533
122.10300000000001
127.457
115.91
89.6876
116.628
107.481
147.948
115.544
134.72899999999998
111.511
76.0346
123.685
123.837
122.515
127.92999999999999
105.93900000000001
130.923
125.94500000000001
98.36399999999999
83.85470000000001
114.039
144.656
125.87799999999999
136.399
130.864
123.314
137.745
143.956
135.53799999999998
89.54090000000001
142.118
101.41600000000001
133.489
136.98
137.834
139.824
114.368
134.435
117.831
116.162
129.58
118.35900000000001
139.46
116.98899999999999
138.125
121.445
121.837
109.736
110.21499999999999
95.18419999999999
155.583
95.61319999999999
75.6824
125.04299999999999
126.59200000000001
102.831
154.674
133.244
118.024
142.354
94.1325
125.447
125.803
103.57600000000001
118.772
133.98
136.22699999999998
146.16899999999998
120.19000000000001
143.225
130.93099999999998
109.196
121.362
152.531
121.789
110.496
143.79600000000002
105.66799999999999
128.12599999999998
98.4723
144.728
107.44
150.384
139.063
119.72
143.691
87.6565
132.407
136.792
128.53400000000002
115.93599999999999
136.012
140.321
119.674
145.654
126.06700000000001
123.92200000000001
115.006
118.705
139.539
130.933
145.801
106.669
126.918
94.83160000000001
148.852
136.246
89.6073
136.22799999999998
55.3939
114.103
116.037
133.97899999999998
113.494
106.98
97.99520000000001
172.03799999999998
108.60300000000001
124.668
133.94400000000002
110.675
128.012
119.919
135.776
130.579
107.08800000000001
103.968
99.5803
131.106
131.965
106.92999999999999
133.549
109.221
147.209
105.374
130.949
122.37
108.928
114.498
116.773
137.917
122.301
123.829
150.03900000000002
112.539
134.274
154.945
125.391
129.839
144.853
129.255
140.015
129.70100000000002
138.83
142.853
120.07
121.317
107.284
132.888
116.821
152.45700000000002
130.37699999999998
151.445
98.2914
138.38500000000002
113.63
103.01299999999999
101.926
109.332
108.659
93.7475
114.465
114.672
121.541
114.606
135.32
58.1285
86.64959999999999
121.98100000000001
122.41799999999999
122.776
134.02
144.22199999999998
131.206
111.527
151.544
111.079
130.399
136.239
145.458
145.05499999999998
151.798
125.97500000000001
122.196
104.358
125.116
117.47399999999999
79.8245
110.735
126.474
134.143
117.45700000000001
150.337
139.961
127.329
87.8946
110.92399999999999
111.036
117.5
123.773
97.3284
150.893
147.631
134.95
114.94500000000001
135.874
81.9027
114.161
118.157
110.652
137.896
135.28
132.242
112.638
127.053
116.08699999999999
128.83800000000002
123.07300000000001
103.203
122.34200000000001
135.632
93.8083
98.3234
110.595
128.502
94.2991
113.26700000000001
159.058
120.78999999999999
158.702
102.31899999999999
127.517
87.9655
116.565
119.35900000000001
85.2354
110.186
115.382
124.891
127.221
121.67699999999999
107.585
121.74300000000001
140.226
154.04000000000002
129.76399999999998
126.474
98.38189999999999
124.032
61.4106
106.86800000000001
114.551
135.022
117.572
123.43700000000001
137.84
113.91
151.18200000000002
156.194
146.371
146.141
117.447
101.611
122.95200000000001
129.196
140.30200000000002
133.75400000000002
123.973
106.131
87.8498
105.409
146.001
119.41
125.353
120.989
106.42500000000001
141.379
128.26999999999998
161.406
84.3024
123.28
134.156
111.762
134.823
128.03
124.277
107.161
140.41600000000003
151.156
139.08200000000002
120.70599999999999
63.4624
108.224
118.374
128.282
100.16600000000001
104.797
134.635
135.741
143.504
114.36699999999999
108.181
115.24199999999999
87.7348
129.908
145.19199999999998
115.506
150.227
130.917
67.8401
134.564
138.30200000000002
87.9222
94.623
132.154
158.218
114.8
143.657
142.568
109.88499999999999
135.126
65.5616
149.719
109.16099999999999
128.305
136.69799999999998
98.6709
139.83200000000002
119.441
119.48599999999999
98.53099999999999
