39.5004
88.02029999999999
63.684599999999996
89.306
105.828
103.934
98.1425
54.749
69.1636
78.136
40.2195
80.8532
87.3764
86.8404
60.871700000000004
77.7418
79.112
90.2313
93.4962
104.06700000000001
61.4825
79.8456
88.3559
101.65
105.641
59.3185
107.423
45.5527
69.323
73.2274
67.48949999999999
78.6307
80.7542
99.0103
91.095
85.9574
85.8011
87.9418
98.87469999999999
75.99730000000001
56.158500000000004
69.38940000000001
97.00649999999999
94.362
100.786
76.1429
74.0508
92.6528
89.6961
39.7878
99.5956
100.161
76.42490000000001
98.2227
100.353
105.416
87.5079
98.3515
73.6273
93.9818
86.6242
69.63550000000001
50.3375
90.8552
72.331
105.467
65.9496
100.966
64.09230000000001
43.4655
96.5152
84.3854
79.1664
81.3799
84.76129999999999
90.5098
89.8428
74.1206
50.548700000000004
83.5397
105.342
79.7065
99.94500000000001
93.9059
91.2792
100.202
102.737
97.35470000000001
56.0417
102.523
68.3266
99.4265
95.4774
102.608
96.4368
84.7592
97.9121
87.2402
74.55539999999999
101.09700000000001
90.15570000000001
102.81099999999999
75.45870000000001
103.40199999999999
80.9826
97.4403
71.9081
76.1888
46.489799999999995
106.87299999999999
62.1533
31.0919
90.0939
86.22019999999999
86.5112
102.284
90.3442
90.8697
104.384
46.7049
91.35379999999999
97.2364
66.1742
68.4645
96.6164
92.1931
105.876
85.5369
100.767
97.9672
85.71900000000001
86.8001
107.06
78.7013
65.0497
102.095
80.6477
82.1482
63.6601
105.723
59.1729
106.699
95.3063
75.34009999999999
105.77
47.6948
100.045
96.69800000000001
96.6409
72.4367
94.0372
97.7312
77.8224
105.337
95.7421
89.3209
79.9995
84.7365
97.58
93.9203
105.779
72.6001
82.0259
55.616899999999994
105.239
98.08649999999999
41.7425
96.8322
26.1302
86.2787
81.1995
85.0197
79.0074
85.4079
71.68860000000001
77.8374
79.1506
82.9635
91.016
80.61309999999999
88.0505
89.646
101.898
92.44380000000001
64.124
76.5784
78.1623
92.2216
101.743
73.80000000000001
91.1633
71.297
104.807
64.4786
96.9091
86.8215
64.2094
93.3025
78.8413
101.137
95.5114
81.93830000000001
106.21300000000001
84.2039
93.3411
105.438
99.1413
91.8251
102.949
92.7055
102.83200000000001
96.3941
101.065
105.571
85.7338
72.2641
62.717800000000004
101.348
74.9646
107.24000000000001
82.8937
107.056
81.88
100.013
70.72290000000001
50.2983
76.8933
75.5028
76.3334
60.4445
76.1719
76.7039
78.9203
85.6139
97.4115
20.633399999999998
51.4496
81.993
77.2076
86.3966
98.8533
103.732
89.9607
72.87440000000001
106.811
83.4473
97.9857
100.245
104.726
103.042
102.416
90.3097
89.8489
79.2546
86.52369999999999
75.2742
45.8653
84.44709999999999
82.4307
94.07469999999999
83.46549999999999
105.741
96.39399999999999
98.7604
59.716100000000004
76.4928
70.106
91.6944
91.1889
64.9636
106.92599999999999
106.423
88.7212
88.61030000000001
99.1991
43.818999999999996
74.0243
91.2842
84.4092
96.65039999999999
96.52510000000001
92.8798
75.8491
97.0313
87.1347
96.6196
83.8604
87.9362
85.8009
98.0964
74.4258
75.375
70.19749999999999
92.30579999999999
78.05460000000001
93.5831
102.513
89.8176
105.878
68.15400000000001
91.54180000000001
58.8264
80.48660000000001
77.18759999999999
60.4612
67.6587
79.5302
81.6296
96.9348
85.23440000000001
80.3789
94.4856
101.15
107.411
90.1919
90.7897
59.8402
91.67150000000001
33.5944
69.3309
64.5766
104.041
88.2366
84.0629
95.9733
73.3943
106.50800000000001
106.487
104.268
104.587
84.6387
79.061
98.0471
100.66600000000001
98.7072
97.9336
71.7148
76.6625
59.489399999999996
57.2102
104.09
74.70259999999999
89.1618
79.3978
71.2661
105.364
87.4603
99.9756
31.9502
98.45479999999999
101.839
82.7167
98.5791
94.29360000000001
98.3227
86.1098
105.198
106.39899999999999
100.62899999999999
90.9367
47.3324
73.5292
75.28
82.3613
57.0982
64.83269999999999
99.51840000000001
103.2
105.66499999999999
79.4082
85.94069999999999
88.99300000000001
54.275
83.8029
103.771
81.8552
104.487
91.1855
35.2459
100.29599999999999
95.46390000000001
55.362700000000004
65.97540000000001
103.658
105.843
78.7955
105.35
99.6037
73.1125
94.3448
50.3402
105.01
78.8291
101.427
96.9271
73.2265
94.73729999999999
87.07860000000001
84.6115
60.421299999999995
