124.366
171.213
148.405
168.138
192.01299999999998
181.758
176.44299999999998
132.26
148.229
159.635
122.674
158.956
161.116
170.072
145.112
158.639
163.82
167.276
174.173
181.79999999999998
146.248
158.579
165.786
177.141
182.302
143.779
192.188
124.519
151.85899999999998
158.018
150.65200000000002
158.59300000000002
164.49800000000002
178.093
162.802
169.321
163.214
166.791
174.76500000000001
155.581
138.156
155.4
178.22299999999998
168.381
178.66099999999997
158.14700000000002
150.181
154.114
171.22299999999998
120.04299999999999
181.728
184.69299999999998
155.54000000000002
182.823
182.989
182.869
170.407
181.611
146.75900000000001
169.159
169.422
153.938
132.155
164.845
152.842
188.471
151.025
178.784
148.474
122.757
170.623
166.629
162.805
166.265
156.37
173.211
170.309
148.726
130.198
161.22
185.505
164.351
179.901
174.736
169.286
180.837
185.398
178.756
135.858
184.04999999999998
147.89
177.86599999999999
178.857
180.899
180.861
161.865
178.226
164.826
157.54000000000002
174.749
165.873
182.09
158.425
180.899
163.546
169.19400000000002
153.507
156.17700000000002
130.87699999999998
190.643
141.91899999999998
114.218
169.902
168.826
154.145
183.773
174.197
165.785
179.167
130.795
170.609
172.233
147.54700000000003
153.734
177.57999999999998
176.701
186.46699999999998
165.522
184.672
175.946
158.77700000000002
166.652
189.508
162.247
149.014
185.255
155.328
166.847
143.985
185.202
143.728
189.839
179.868
159.246
183.773
129.70499999999998
177.12800000000001
179.282
174.078
156.028
177.612
181.75900000000001
160.93099999999998
186.411
172.224
168.957
160.302
164.351
181.242
174.78199999999998
186.20999999999998
152.626
166.314
137.49900000000002
189.549
179.407
125.79899999999999
178.99599999999998
81.19239999999999
162.20499999999998
161.334
171.27700000000002
159.12699999999998
157.197
147.621
168.717
156.628
166.074
174.915
158.308
170.49
166.73399999999998
179.46200000000002
173.981
147.30599999999998
153.025
150.72299999999998
174.17499999999998
170.61100000000002
153.367
174.814
152.928
188.00300000000001
147.047
175.746
167.183
147.90800000000002
163.443
160.488
181.052
169.518
165.086
190.165
160.56300000000002
176.362
187.738
171.851
173.30599999999998
186.097
173.339
182.501
174.80399999999997
181.67600000000002
183.35399999999998
165.548
157.506
146.32899999999998
177.352
158.03400000000002
191.303
168.187
190.197
150.356
181.23
154.091
135.58700000000002
151.897
155.409
155.48600000000002
140.157
157.971
158.378
162.309
162.31300000000002
178.64
92.6375
131.878
164.388
161.427
167.214
178.15
185.579
173.036
154.79399999999998
188.334
159.462
175.587
179.82799999999997
181.228
186.26999999999998
182.202
170.518
168.139
154.128
168.375
158.465
125.73799999999999
159.51399999999998
166.416
176.656
163.089
191.449
180.91899999999998
173.41799999999998
137.00300000000001
156.666
152.79999999999998
165.548
169.541
144.245
189.87599999999998
186.151
174.068
163.351
179.43
125.20100000000001
156.499
165.938
159.452
179.891
178.32700000000003
175.079
157.054
173.113
163.716
174.28
166.00400000000002
154.422
166.72699999999998
179.02599999999998
145.783
149.10899999999998
152.718
172.75099999999998
146.839
162.447
186.87
167.302
191.282
148.19199999999998
171.887
136.627
161.248
160.39700000000002
135.88400000000001
150.73600000000002
160.251
165.28799999999998
173.21800000000002
166.13400000000001
156.43599999999998
168.987
182.64
191.3
172.487
170.994
141.572
169.85500000000002
110.17399999999999
150.76700000000002
149.631
177.401
164.943
166.27700000000002
179.554
155.99699999999999
187.356
190.296
187.345
187.088
163.616
152.303
170.034
174.583
182.136
177.797
157.974
154.292
136.877
141.66400000000002
187.04000000000002
158.707
169.693
162.409
151.782
181.04600000000002
170.269
185.74599999999998
116.839
170.254
178.231
159.639
178.625
173.157
171.06799999999998
157.419
180.301
187.091
181.79600000000002
167.52900000000002
116.55600000000001
153.829
158.768
167.039
140.255
147.107
178.65800000000002
179.011
183.91299999999998
159.727
158.115
163.61800000000002
133.987
168.578
179.854
161.351
183.577
173.573
114.298
178.671
179.537
134.74800000000002
143.391
174.578
190.767
159.625
184.57399999999998
183.916
154.29999999999998
177.327
119.074
183.96
156.821
173.482
179.31
148.597
180.051
165.70499999999998
164.709
141.99200000000002
