216.734
251.452
238.3
234.16400000000002
289.921
249.808
242.794
191.827
211.668
230.87199999999999
198.369
221.392
217.296
250.36599999999999
230.80700000000002
227.726
252.92399999999998
229.716
245.847
249.778
236.291
222.15699999999998
228.251
239.55
249.732
230.80800000000002
282.402
187.678
227.168
247.112
229.524
224.964
247.113
246.399
217.29999999999998
250.45600000000002
225.00300000000001
232.27200000000002
236.834
220.649
210.951
256.956
251.89299999999997
226.756
244.931
231.231
207.91299999999998
200.15
244.975
187.321
259.151
273.37699999999995
219.434
271.8
262.518
252.45600000000002
249.233
263.45000000000005
200.05100000000002
229.193
247.69
239.762
204.821
222.291
220.403
270.606
243.02599999999998
245.00900000000001
235.564
186.782
229.511
241.961
244.464
256.548
209.416
251.562
240.741
204.049
195.094
223.434
259.213
252.81599999999997
250.635
246.9
233.923
253.52700000000002
265.994
253.106
200.905
260.472
212.651
244.855
260.818
248.952
268.641
223.032
249.392
227.186
235.08100000000002
234.307
225.81300000000002
252.48199999999997
235.974
247.90499999999997
240.136
225.25
224.729
222.36800000000002
217.931
276.619
206.99
194.133
238.557
246.136
203.497
262.177
258.019
224.66400000000002
244.16199999999998
215.644
238.084
232.555
217.841
248.49099999999999
250.359
264.464
261.374
233.157
270.001
241.585
213.834
234.279
270.963
243.26700000000002
232.363
267.491
211.573
255.85200000000003
210.732
257.436
231.49900000000002
272.836
268.406
242.323
253.071
203.204
241.62
257.85999999999996
238.43900000000002
236.677
260.401
267.383
239.38400000000001
262.474
234.69899999999998
237.029
228.085
231.00799999999998
264.92
247.043
260.692
218.777
252.39299999999997
209.965
276.95399999999995
253.63599999999997
211.2
255.934
145.552
221.404
229.05800000000002
273.461
226.056
210.593
204.864
292.273
217.307
245.39600000000002
259.049
219.812
247.425
229.017
245.595
248.20600000000002
226.106
211.386
203.58499999999998
249.831
227.437
218.356
257.661
224.23499999999999
270.855
222.394
243.03900000000002
236.308
229.89399999999998
216.9
232.423
252.081
228.077
244.544
276.09299999999996
220.34799999999998
256.481
268.689
229.47400000000002
247.238
268.748
244.74699999999999
253.854
241.096
254.575
252.117
232.725
250.36
227.92499999999998
240.43900000000002
236.1
278.264
262.327
273.46999999999997
199.56799999999998
255.62800000000001
233.36399999999998
231.297
207.933
221.32299999999998
219.465
205.04
230.23
230.177
242.42
222.774
252.442
180.23600000000002
199.0
240.334
246.786
237.581
246.923
263.70799999999997
252.96600000000004
227.324
267.004
218.469
240.475
249.705
249.268
269.238
256.601
240.29600000000002
233.1
210.341
242.51700000000002
237.202
191.409
217.18599999999998
250.58999999999997
254.94400000000002
229.767
286.255
269.31
233.54500000000002
196.077
223.415
228.613
223.11700000000002
234.901
207.984
272.374
259.738
267.252
221.154
250.697
196.017
231.475
224.56400000000002
217.078
261.367
253.89000000000001
251.757
227.069
235.11599999999999
224.182
239.06900000000002
240.845
203.16400000000002
237.307
252.04
197.00400000000002
203.262
227.667
243.537
195.718
214.665
273.83000000000004
230.47
283.193
214.31300000000002
242.257
196.70000000000002
230.669
239.35500000000002
191.576
229.19
229.18099999999998
247.47
235.546
236.51500000000001
214.816
228.079
258.242
277.911
249.135
240.84
213.17
234.93800000000002
168.754
221.417
242.238
238.567
225.937
241.426
262.593
231.514
264.347
276.265
269.75100000000003
267.438
228.69
206.18200000000002
226.50300000000001
234.304
264.83
247.749
260.418
214.888
196.136
229.02100000000002
268.96799999999996
242.32500000000002
240.202
240.672
219.28900000000002
246.47299999999998
248.691
277.451
209.46300000000002
226.59699999999998
242.221
220.14600000000002
249.233
240.18800000000002
228.525
210.40900000000002
244.74599999999998
263.73600000000005
256.211
229.359
164.39999999999998
220.838
239.195
255.991
218.607
221.017
247.257
242.899
253.59599999999998
227.366
212.095
221.371
199.10500000000002
258.775
247.26999999999998
227.49
256.65700000000004
250.72899999999998
178.522
245.805
265.167
198.72400000000002
202.931
232.78099999999998
280.669
228.652
256.115
271.30199999999996
224.12
257.337
166.405
256.772
218.473
231.19899999999998
257.113
205.048
273.69500000000005
230.3
232.66400000000002
213.032
