194.648
232.917
217.328
218.84300000000002
264.758
233.324
227.123
178.41899999999998
197.36100000000002
214.887
181.53
207.10999999999999
203.966
231.844
211.125
212.208
231.91500000000002
215.068
229.221
233.294
215.203
207.68
213.675
224.506
233.14499999999998
210.696
259.762
173.654
210.375
226.34199999999998
211.857
209.975
228.06699999999998
230.293
204.147
231.731
210.694
217.085
221.972
205.94299999999998
194.917
231.334
234.66899999999998
212.74499999999998
229.138
214.879
194.556
188.356
227.99099999999999
172.485
240.78
251.58999999999997
204.94299999999998
250.09300000000002
243.498
235.367
231.077
243.964
187.45800000000003
214.891
229.69500000000002
220.149
188.778
208.601
205.259
250.548
221.34599999999998
229.21
215.52599999999998
172.596
215.331
224.69400000000002
225.79
235.108
196.668
233.45
224.49099999999999
191.09599999999998
180.696
209.148
241.29700000000003
231.991
233.921
230.152
218.827
236.314
246.48700000000002
235.694
186.48899999999998
242.067
198.1
229.00400000000002
241.53
232.61399999999998
247.485
208.90200000000002
232.706
212.69
217.69
219.828
211.65800000000002
235.57
218.54999999999998
231.725
222.751
211.548
208.832
207.445
197.814
255.069
192.539
176.03
222.679
228.381
191.311
242.772
238.44299999999998
210.685
228.093
196.236
222.414
218.084
202.173
225.801
233.373
243.612
243.13000000000002
217.628
249.226
226.063
200.743
218.679
250.89000000000001
224.796
213.458
247.553
198.364
234.828
195.909
239.827
211.142
252.465
247.088
223.395
236.1
186.917
226.244
239.426
223.221
218.516
240.957
246.81
221.65699999999998
243.99599999999998
219.87699999999998
221.29399999999998
212.797
215.75
244.95700000000002
230.273
242.558
203.90800000000002
232.275
194.006
255.39000000000001
236.22000000000003
191.524
237.92
130.915
207.57999999999998
213.73700000000002
247.399
210.953
197.779
191.631
255.326
203.361
227.158
239.364
205.701
229.72799999999998
214.416
229.762
231.035
208.44099999999997
197.878
190.968
232.33100000000002
213.158
203.695
238.33599999999998
208.32600000000002
250.64
205.589
227.223
220.39000000000001
211.37300000000002
203.844
216.257
235.183
213.994
226.325
254.919
206.481
237.827
248.592
215.423
230.154
248.682
228.20399999999998
236.707
225.50400000000002
237.226
235.287
217.285
228.27800000000002
209.489
225.279
218.558
256.673
239.54600000000002
252.986
187.479
238.006
215.581
208.095
194.815
206.461
204.959
190.644
214.06
214.10100000000003
224.19400000000002
208.73600000000002
235.156
159.50300000000001
184.161
223.052
227.08900000000003
221.406
230.722
244.81
234.463
211.13000000000002
247.714
204.75099999999998
225.1
233.167
232.52800000000002
249.079
238.30200000000002
224.173
217.98000000000002
197.157
225.507
219.48000000000002
176.85500000000002
203.68
231.03
236.737
214.586
262.23400000000004
247.95600000000002
219.051
182.731
208.37900000000002
211.694
209.35799999999998
219.664
193.737
252.12099999999998
241.74599999999998
244.70600000000002
207.47899999999998
233.907
180.341
214.712
210.615
203.58100000000002
242.12900000000002
236.227
233.99
211.38199999999998
220.338
210.071
223.768
223.717
191.052
221.1
234.906
184.74699999999999
190.48100000000002
210.951
227.14200000000002
183.732
201.83100000000002
251.754
215.692
259.505
199.5
225.97500000000002
183.18400000000003
215.012
221.519
178.78900000000002
211.63199999999998
213.661
228.501
220.70999999999998
220.381
201.25199999999998
213.93300000000002
240.197
256.313
231.45399999999998
224.69
197.363
219.742
155.532
205.66799999999998
220.333
223.584
211.67
224.215
242.952
214.63199999999998
245.478
254.662
249.69
247.916
213.782
193.386
212.703
219.812
245.061
231.337
234.285
200.989
182.75900000000001
208.85899999999998
249.047
223.25900000000001
223.95399999999998
222.928
204.16799999999998
230.336
230.638
253.77499999999998
187.20899999999997
212.804
226.836
206.179
232.62800000000001
224.52
214.535
197.648
228.823
244.952
238.52499999999998
214.812
152.954
205.789
221.031
234.985
201.163
204.548
231.044
227.44
236.557
212.117
199.177
207.69000000000003
184.68
237.37199999999999
230.663
212.481
238.717
232.89499999999998
164.249
229.86
244.77599999999998
184.513
189.45000000000002
218.4
257.683
213.13199999999998
238.697
249.99099999999999
208.506
238.647
155.014
238.907
204.359
217.04100000000003
238.869
191.919
250.61499999999998
215.344
217.126
197.34199999999998
