163.19400000000002
206.489
186.929
197.84799999999998
231.4
211.469
205.567
159.652
177.368
191.885
156.713
187.245
186.20700000000002
205.459
182.502
189.971
202.09099999999998
195.313
205.853
211.47199999999998
184.75900000000001
187.41
193.90699999999998
204.383
211.282
181.488
229.352
153.655
185.855
196.186
185.95999999999998
188.723
200.874
208.087
186.92000000000002
205.05100000000002
191.11800000000002
196.30800000000002
201.899
185.15200000000002
171.257
196.1
210.49499999999998
194.186
207.698
191.13
176.382
173.654
204.059
150.876
215.40599999999998
222.119
184.564
220.339
217.422
212.64
205.247
216.891
170.774
195.77800000000002
204.13899999999998
191.30700000000002
165.24800000000002
190.45999999999998
183.618
223.408
189.98000000000002
207.79500000000002
186.303
152.233
196.44500000000002
200.347
198.91500000000002
204.726
179.869
207.642
201.83200000000002
173.741
160.107
189.415
217.341
202.436
210.91899999999998
206.595
198.237
212.65200000000002
220.15599999999998
211.293
165.766
217.267
177.651
207.268
214.218
210.67
218.038
189.525
209.46
192.933
192.19400000000002
200.625
192.728
212.864
193.089
210.178
197.882
193.572
185.807
186.243
168.494
226.303
171.896
149.583
200.676
203.21900000000002
175.64
216.724
210.392
192.099
207.043
167.82
200.77900000000002
198.678
179.696
193.252
209.506
213.96499999999997
218.654
196.078
221.069
204.767
183.344
197.158
223.749
198.143
185.76500000000001
220.60299999999998
180.518
204.96
174.72
216.347
181.626
224.84799999999998
217.267
195.75799999999998
213.635
163.08700000000002
205.371
213.444
202.45
191.774
213.281
218.279
195.946
219.169
199.776
199.55200000000002
191.081
194.52800000000002
217.144
206.681
218.254
182.783
203.648
170.483
226.209
211.892
162.873
212.54799999999997
110.326
188.849
192.084
211.93200000000002
189.51399999999998
180.88299999999998
173.71200000000002
212.824
184.051
201.273
211.198
186.143
204.631
194.72
208.415
206.744
182.658
179.384
174.266
207.488
194.91
182.946
210.681
185.296
223.289
181.185
205.392
198.33200000000002
184.277
186.944
193.02700000000002
212.15300000000002
195.29399999999998
200.387
226.23299999999998
187.559
211.258
221.667
196.88
206.019
221.562
204.994
213.677
204.063
213.54899999999998
213.055
195.895
196.55700000000002
182.575
204.92
192.878
227.497
207.496
225.216
171.871
213.734
189.42000000000002
175.227
177.097
185.384
184.552
170.018
190.62
190.84599999999998
197.904
189.59500000000003
210.95600000000002
130.075
162.72500000000002
198.446
198.646
198.899
208.35
219.368
208.047
187.615
221.606
186.06400000000002
204.07500000000002
210.476
210.351
221.828
213.74699999999999
201.736
197.349
179.36599999999999
201.571
193.549
155.975
185.441
203.182
210.863
193.339
230.095
218.273
199.666
164.09
186.96099999999998
186.934
191.189
198.817
173.613
224.662
217.629
212.872
189.203
210.685
157.502
190.214
192.113
185.355
215.07299999999998
211.34900000000002
208.74
188.76100000000002
200.369
190.933
202.849
199.556
175.577
198.52
211.017
168.692
173.46800000000002
186.53300000000002
204.196
168.34199999999998
185.304
222.669
195.693
228.564
178.558
203.237
164.19
192.73999999999998
195.583
161.269
185.90300000000002
191.529
201.488
200.632
197.865
182.714
195.11700000000002
215.582
227.226
206.345
202.19799999999998
174.264
198.967
137.11499999999998
182.98
188.773
203.983
192.375
199.936
215.26600000000002
189.943
219.982
225.923
222.561
221.554
193.09799999999998
176.339
194.555
200.541
217.699
208.518
198.755
181.757
164.052
179.434
222.12
195.376
201.304
197.368
182.594
209.224
204.975
223.049
155.664
194.695
206.203
186.99099999999999
209.60999999999999
202.857
196.06799999999998
180.887
208.066
219.578
214.28900000000002
195.247
137.987
184.31300000000002
194.433
205.13600000000002
175.363
180.703
208.764
206.9
213.988
190.438
182.112
189.43699999999998
163.92999999999998
206.97
208.675
191.392
214.631
207.52
143.80200000000002
208.10600000000002
216.077
164.183
170.75099999999998
199.73499999999999
227.47400000000002
190.943
215.52599999999998
220.95999999999998
186.005
212.07899999999998
140.217
214.906
184.719
198.443
213.18400000000003
174.21900000000002
218.79100000000003
194.853
195.45399999999998
174.474
