6.534545349268228e-09
1.4208904053347737e-09
2.518904196335825e-09
4.0087271280242476e-09
1.0843555220407808e-10
1.5817595011569097e-09
2.447695157670182e-09
3.4490923894736625e-08
1.2996334675108301e-08
4.608836867703303e-09
2.0648954546231835e-08
8.025812014977873e-09
1.0238433212350628e-08
1.510743974364459e-09
3.915030521994822e-09
5.5204192328517365e-09
1.1967834501191987e-09
5.169678019001367e-09
2.0413726264933985e-09
1.5825322163820488e-09
2.773580476400639e-09
7.659973100260231e-09
5.5892850348016054e-09
2.9137772195042544e-09
1.5143574172427066e-09
3.825542105317936e-09
1.8386618616528239e-10
3.96939334734725e-08
5.383087309240864e-09
1.6215451204004694e-09
4.5948409521656686e-09
6.499775828672227e-09
1.7680192865299205e-09
1.9738219947385005e-09
1.026884710597642e-08
1.4936254455477638e-09
6.6603362824935175e-09
4.448796886435957e-09
3.452826025096556e-09
8.19473555679906e-09
1.2141040173219153e-08
7.542876323540781e-10
1.4217644839220611e-09
6.125239426779672e-09
2.1438926189887297e-09
4.4533927656686956e-09
1.6354629650550123e-08
2.559614387109832e-08
2.129743048584487e-09
3.813895688153934e-08
9.122578248366153e-10
3.620729549513868e-10
8.792739869534216e-09
3.996272757156305e-10
7.388628042725998e-10
1.2520622316714025e-09
1.6269846581096203e-09
6.938604135697801e-10
2.4793793684807497e-08
5.347991827164833e-09
1.7812507024927982e-09
2.4886273042312723e-09
1.6224253940322342e-08
7.812477775814841e-09
8.139292795306119e-09
4.290857669175807e-10
1.905934965407141e-09
2.1330384125661794e-09
3.0296105624216807e-09
4.083331717197325e-08
5.250032408810057e-09
2.4886868121853922e-09
2.0567496594736667e-09
9.651685006772937e-10
1.5631645311486864e-08
1.4279334381583908e-09
2.7413502579065607e-09
2.0109281351210484e-08
2.79447558426682e-08
7.218378783591106e-09
8.850257193770972e-10
1.2139395044741264e-09
1.5313594836641187e-09
1.917565883857719e-09
4.082299831509317e-09
1.287321138576658e-09
5.90352933205196e-10
1.3211874927421263e-09
2.1357507762331807e-08
8.373058357769025e-10
1.2240935376439666e-08
2.1609352085505407e-09
8.113755223249086e-10
1.6788271883783068e-09
4.894101790497984e-10
7.4083970069693805e-09
1.6536901847885588e-09
5.915057332828155e-09
3.497138134633815e-09
3.946296622814316e-09
6.427565590882978e-09
1.3605151449880282e-09
3.3419516043409203e-09
1.7762584736402687e-09
2.7161184412705097e-09
6.6387739749984576e-09
6.334559543574869e-09
7.443102134629953e-09
6.98150959266286e-09
2.594190418037101e-10
1.600588639405487e-08
2.294699363858399e-08
3.1174713921444663e-09
1.9547332641423054e-09
2.145950617205017e-08
6.317770750996488e-10
9.466971651050926e-10
6.857264978066269e-09
2.0566826020029794e-09
8.097552850472312e-09
3.214093213799174e-09
4.420853461084562e-09
9.00420360494536e-09
1.3671819232285998e-09
1.5588608182071084e-09
6.269169072758984e-10
7.669870849547067e-10
4.1937617822895845e-09
4.552042909278242e-10
2.62822541508001e-09
1.2338017718604988e-08
3.951574623073384e-09
3.921071245471808e-10
2.205165827717792e-09
3.759703215422405e-09
5.367169486625301e-10
1.3774208440509028e-08
1.0197807043255125e-09
1.316048336974518e-08
9.78461534018038e-10
3.6515428458727683e-09
3.612762311533402e-10
4.932466102225419e-10
2.2590900261576508e-09
1.2637780821833644e-09
1.7254777162634127e-08
2.607512872287998e-09
9.825252833550735e-10
3.1610127848580305e-09
3.1133751132728094e-09
8.279789631693291e-10
5.360191179804019e-10
2.7731728025059965e-09
7.234740584394217e-10
3.9202010526651065e-09
3.3992588743814167e-09
5.467087227373213e-09
4.725997371224366e-09
6.293761622977456e-10
1.901057089526148e-09
8.01601673927621e-10
8.936602569065144e-09
1.2781562475083774e-09
1.2779240776694678e-08
2.8053398493099735e-10
1.2784944214416782e-09
9.80620828983092e-09
1.1081715545202542e-09
2.1598151533908094e-07
8.14269718318883e-09
5.203952824217595e-09
2.983033542403035e-10
6.1163070164127475e-09
1.4691797112220684e-08
1.9042005305891507e-08
3.8887157383094006e-11
1.001554839064056e-08
2.0012638213273704e-09
8.885627234000992e-10
8.759928782353654e-09
1.8234611598444417e-09
5.37033217895555e-09
2.0497308295119865e-09
1.7665116036624795e-09
5.452210238843236e-09
1.3713085778022105e-08
2.0938589528896046e-08
1.5985918144778566e-09
5.390754953538135e-09
9.212178575523922e-09
9.730791727946553e-10
6.4910290475950205e-09
4.251028973278892e-10
6.821070819285069e-09
2.4164470424636875e-09
3.51490814232136e-09
4.3349817069326946e-09
1.0502650304999861e-08
4.229786298992622e-09
1.4020138383585845e-09
5.690935722668655e-09
2.0929975530492584e-09
2.937582677109418e-10
8.595799627642009e-09
1.0589988885811863e-09
4.2949077627696397e-10
5.22958787385619e-09
1.870206212117864e-09
4.934361808039966e-10
2.177070301812023e-09
1.2530082527106856e-09
2.7090609755475725e-09
1.2068299692913342e-09
1.345294875498837e-09
4.302451284132758e-09
1.2868939247567823e-09
4.800992048359376e-09
2.7735778118653798e-09
3.3019156298053076e-09
2.463907411431876e-10
6.606302727085733e-10
3.4123959213872013e-10
2.611031568733324e-08
1.133407145914589e-09
3.7576914913017845e-09
3.0882965074141566e-09
1.654061243527849e-08
7.868107054775919e-09
8.77395134324388e-09
1.759187995276079e-08
4.725375646330576e-09
4.756173677122888e-09
2.3278503569201803e-09
7.53611129056253e-09
1.3762452288901272e-09
3.364652201298668e-08
2.2768119833926903e-08
2.7022821758038162e-09
1.7413177566538707e-09
3.258449510212813e-09
1.9141610518857988e-09
6.799049101502419e-10
1.3047899427576226e-09
5.482477138940567e-09
5.061260299754622e-10
9.520749522096139e-09
2.8040196831113917e-09
1.617830647226981e-09
1.5058908564569151e-09
4.776939954709292e-10
9.108839793547929e-10
2.817820865530507e-09
4.265435560313335e-09
1.4657739910717282e-08
2.436168600183919e-09
3.096443101924251e-09
3.25836460035589e-08
1.0244932902025994e-08
1.4403283010722134e-09
1.1696247304016083e-09
5.04305086579393e-09
1.4346253351948945e-10
4.677400133878962e-10
4.16557810467566e-09
2.8496113912979126e-08
7.024499648622395e-09
4.975508893778624e-09
7.474160845788447e-09
3.859796038341301e-09
1.5459111324389596e-08
3.689714367371977e-10
8.246873739459204e-10
5.018316873162121e-10
8.298224329905679e-09
1.527869608608512e-09
2.4727430769644343e-08
4.325084734801976e-09
6.898812632272211e-09
1.0305036823865521e-08
7.877291041680223e-10
1.258070314591464e-09
1.4223349165121135e-09
5.6725775188226635e-09
3.823735550412266e-09
6.994310020047578e-09
3.047854857385346e-09
2.652080333120921e-09
2.187196379566103e-08
3.302323525744555e-09
1.4101062539850773e-09
2.9179791027900137e-08
2.10766870623047e-08
5.26681631640713e-09
2.3377977331762168e-09
3.158754324772417e-08
1.1843312108794635e-08
2.858822623075241e-10
4.9506101440499606e-09
1.5528685282095722e-10
1.1149061229787094e-08
2.517826169778914e-09
2.7397476287660538e-08
4.725711377773223e-09
2.7623361376072353e-09
3.633826395343931e-08
4.696074640264669e-09
5.122732460449697e-09
1.7418432252114258e-09
3.731477793422755e-09
3.4490745814963475e-09
1.1535880695134892e-08
5.6915148149983e-09
9.644780529782793e-10
2.453953429348843e-10
1.6569896565954423e-09
2.732493786794521e-09
1.1087107232299331e-08
3.854973229522329e-09
9.549192014901564e-08
7.527772183379966e-09
1.9639148085559555e-09
3.0045423926594594e-09
6.357809834156569e-09
2.5647954871033107e-09
7.260372303363738e-10
4.295007460797251e-09
5.95753113508124e-10
2.6208793468818214e-10
4.5907158630065226e-10
5.323702589876689e-10
5.387636559106568e-09
1.8299664006349303e-08
6.187565126936079e-09
3.9577958688141734e-09
6.35587527053616e-10
1.8241956833975337e-09
6.147702347192308e-10
1.1330112847929286e-08
2.836335788458655e-08
4.144581566833949e-09
4.837852896066863e-10
2.243015995162523e-09
2.823613787228396e-09
2.599569670636015e-09
8.612818014341883e-09
1.8529633383224109e-09
1.68208336148723e-09
2.1201927713487834e-10
8.845387533540361e-09
6.1483809155049585e-09
2.4968425105242886e-09
8.656510175342191e-09
1.6698297189421396e-09
2.8555415809705664e-09
5.528308921753933e-09
1.4855919161504971e-08
2.0528030386657292e-09
6.174915578860407e-10
1.0932456051548911e-09
5.2813726725275956e-09
1.3293394829361205e-07
7.997765116840583e-09
2.7387407897094818e-09
1.0126824934175715e-09
7.8488548993505e-09
7.416874669985418e-09
1.8759338527019054e-09
2.3761068668193275e-09
1.230830104503866e-09
5.682904369308517e-09
1.3562125644739353e-08
8.204535717482031e-09
2.3212567867858525e-08
8.533305173585859e-10
1.6774831523846956e-09
5.706167982566512e-09
9.336913464608187e-10
1.5076144777026457e-09
5.834979788232886e-08
2.0400987565949436e-09
6.124686313668803e-10
2.3927704262405314e-08
2.0482742613125993e-08
4.155409349948513e-09
1.870676391568793e-10
5.260553326280615e-09
1.0678197215341356e-09
4.160089772664577e-10
6.613516845277445e-09
1.0085118296032647e-09
1.227990793495337e-07
9.369620634913645e-10
9.376903697955186e-09
4.686667942621625e-09
1.0299963104642984e-09
1.8992786010585405e-08
3.4049496555610403e-10
4.9626089904108994e-09
4.2966616931039425e-09
1.123659654211906e-08
