1.6738546104733132e-09
3.731072117929557e-10
6.422785636672756e-10
1.0700602626201317e-09
3.573919632460232e-11
5.295640592706263e-10
6.984791078856745e-10
9.127813171971866e-09
3.389588165703117e-09
1.1954786049983568e-09
5.388838264508422e-09
2.1079864520601177e-09
2.7593944906811885e-09
3.9538416984896685e-10
1.0007338291373458e-09
1.4342238507936145e-09
3.0769226055937793e-10
1.3924319475222546e-09
5.524096180486993e-10
5.344440445753662e-10
7.071290220039828e-10
2.006429911105556e-09
1.4939218750953387e-09
9.172802517554146e-10
7.047435413021219e-10
9.772160858290135e-10
7.310448080222187e-11
1.0526291838175439e-08
1.3860728120818067e-09
4.1472955625287966e-10
1.179686681673786e-09
1.694801188278916e-09
4.5660947245451666e-10
5.682014858621187e-10
2.8283051456412522e-09
3.898221190290485e-10
1.768094781695595e-09
1.1825336265758324e-09
1.0101258718364647e-09
2.1355262003197595e-09
3.144119853359939e-09
1.9194493217078445e-10
3.9499131743170324e-10
1.708750141382609e-09
6.440901700877077e-10
1.1514722508820796e-09
4.30481428281837e-09
7.519119549215247e-09
5.648229106647307e-10
1.0097748415205388e-08
2.607525861897386e-10
1.032108634668738e-10
2.295291512410813e-09
1.1102668090456902e-10
2.1327448140873173e-10
6.956409892566739e-10
4.269260500677774e-10
1.9399472306336207e-10
6.585415768256553e-09
1.4804850678729053e-09
4.664482133875936e-10
6.364260785041154e-10
4.218402516187325e-09
2.1315669229693412e-09
2.1121480120456226e-09
1.4462574193796485e-10
4.856406388142886e-10
6.440317168454612e-10
7.736591922657965e-10
1.0834236618961768e-08
1.4971122119789015e-09
6.493138249297203e-10
5.304008343642863e-10
2.4880433824314707e-10
4.211222481842469e-09
3.7861691559726296e-10
7.296350190699741e-10
5.317771556434536e-09
7.350533515193547e-09
1.9049259947223618e-09
3.115888935756317e-10
3.123925562675822e-10
4.456738311731101e-10
5.200057606735697e-10
1.1012389888875873e-09
3.7490680004914623e-10
1.7930126827714332e-10
3.681090710028201e-10
5.590468976635066e-09
2.5528140712438585e-10
3.1871250083526093e-09
6.286937637156598e-10
2.2064114424402703e-10
5.289855220524942e-10
1.3370356211073187e-10
1.963276652361401e-09
4.659383989746857e-10
1.5753139903651459e-09
9.003708889565587e-10
1.2430780849115308e-09
1.7382253414410798e-09
4.2711156833519226e-10
8.60897797494431e-10
5.824812299159987e-10
7.040029115223945e-10
1.9436372511449918e-09
1.637546320765182e-09
1.9373442849968114e-09
1.7907484384238614e-09
1.4306539286579323e-10
4.173688061825942e-09
5.999338803519549e-09
8.321401900879266e-10
5.116149170980577e-10
5.8864810803527234e-09
6.167867327988574e-10
2.501235052410067e-10
1.8650969657585392e-09
1.2182421738060611e-09
2.08104200538628e-09
8.639584603287176e-10
1.2668676108162913e-09
2.3296211626444574e-09
3.4825858863385406e-10
4.318433388661447e-10
1.666984605908084e-10
2.813099753140591e-10
1.1043459480220008e-09
1.3146193855728683e-10
7.49398210153629e-10
3.316809493725259e-09
1.0441513209613618e-09
1.8442430915754926e-10
5.685526494048077e-10
9.622455054980605e-10
1.5997282665214385e-10
3.653672919767814e-09
2.632808970837175e-10
3.421717353901954e-09
3.646341562024702e-10
9.32353638738448e-10
1.353813450233332e-10
1.3352377536968163e-10
5.800578350978469e-10
5.074248798919712e-10
4.489967508902737e-09
7.745263874703312e-10
2.706808110986003e-10
8.888825231423425e-10
7.992056461070263e-10
2.2281050615635678e-10
1.4840520479175723e-10
7.153585501740167e-10
2.499453977122812e-10
1.0964856800299572e-09
9.052212868176923e-10
1.425430107282466e-09
1.2434125951088504e-09
1.7420129228007397e-10
5.155234017450994e-10
2.9215535546356364e-10
2.322910530594413e-09
3.3023001000387353e-10
3.311812601936026e-09
9.170279813286442e-11
3.593373099075592e-10
2.525891495963606e-09
3.061744746624129e-10
6.061619473030078e-08
2.173679236605608e-09
1.3589931402435695e-09
7.738792939804284e-11
1.594425036444136e-09
3.9620280389840445e-09
5.015329929136669e-09
1.926289128206804e-10
2.632013496040031e-09
5.194173979816696e-10
2.3536153581638075e-10
2.303083945776052e-09
4.798032526842633e-10
1.4430939776488572e-09
6.365711846534339e-10
4.740138281889017e-10
1.4000615111697812e-09
3.6094189859170456e-09
5.579743778127977e-09
4.279503695858722e-10
3.509991408634505e-09
2.3985955444061346e-09
2.5805782510879283e-10
1.677671446209672e-09
1.3797707421048244e-10
1.7565727761237326e-09
6.77395806114589e-10
9.274077061860453e-10
1.1105343311612614e-09
2.952276867418391e-09
1.097296031815631e-09
4.1844475107133405e-10
1.6051373563641391e-09
5.422965410062375e-10
1.0254891380512277e-10
2.28010677005841e-09
2.8425928277897583e-10
2.9078664476323013e-10
1.5720929003038009e-09
5.004174297162933e-10
1.501144486493189e-10
5.866084284988915e-10
3.9205277913012537e-10
7.566236526201919e-10
3.5781419494007594e-10
5.241650447018742e-10
1.1340994809927452e-09
3.285572369726708e-10
1.2304165464271932e-09
8.601138135055919e-10
8.500261050592428e-10
9.761499941696172e-11
1.7059192947144197e-10
1.3651516028723165e-10
7.065100948722147e-09
3.278282090235507e-10
9.649341325967953e-10
7.861272743880932e-10
4.373161388571134e-09
2.0477939344232254e-09
2.2900068508135973e-09
4.592569879946495e-09
1.2226556433958535e-09
1.2315775066440438e-09
6.006262154301112e-10
2.0037087544722e-09
3.8396630319681435e-10
8.87260931392575e-09
5.9619882364359e-09
7.01704416794513e-10
4.473506842739283e-10
8.577486498850817e-10
5.490560783805165e-10
2.143809851862244e-10
3.449051877435494e-10
1.4159488026521672e-09
2.443496516235655e-10
2.524555009486562e-09
8.012517316302592e-10
4.746234516517234e-10
9.18282505590895e-10
1.4560574967958928e-10
8.422115227446625e-10
7.519013189849488e-10
1.1426711798989686e-09
3.881848176234826e-09
6.395260432334737e-10
7.969488957648707e-10
8.597016432076998e-09
2.729309001026081e-09
3.726376984758417e-10
3.1574343140050587e-10
1.3232684947794837e-09
4.7303962830147483e-11
1.2770445811938202e-10
1.2255598758059705e-09
7.516911537663873e-09
1.8276181679155457e-09
1.2807283011895265e-09
2.0487171958905037e-09
1.0396519201094634e-09
4.033911427114845e-09
1.4476653209527512e-10
3.5865460601414156e-10
1.315061254336669e-10
2.238519147823581e-09
4.3840631125391383e-10
6.48027942418139e-09
1.1152809786807438e-09
1.881736988451621e-09
2.7453048723202755e-09
2.1640383929266704e-10
3.470679021955192e-10
3.817567928443566e-10
1.4703646078473298e-09
1.0869547484304576e-09
1.867712429159951e-09
8.560256947731659e-10
6.914235850530304e-10
6.054483137063471e-09
8.67730554077184e-10
3.970841433442729e-10
7.792259282268788e-09
5.589800622374241e-09
1.3566759937688744e-09
6.289817000570963e-10
8.511745974715268e-09
3.356805944321195e-09
2.884999461549853e-10
1.3294609857439355e-09
1.0736077304951408e-10
2.8978335286922174e-09
6.751251779846257e-10
7.217987985086438e-09
1.2309175900782066e-09
7.119207445782649e-10
9.648051246813338e-09
1.206064914605065e-09
1.333443133688661e-09
4.504853157172306e-10
1.0584415566228245e-09
9.051455696074129e-10
3.0469298195612282e-09
1.5863437230478894e-09
2.8479105185219566e-10
1.1243635189561729e-10
4.393032881910841e-10
7.305727134365725e-10
2.869889659251612e-09
1.0412946060966988e-09
2.599139747871959e-08
1.946553807030682e-09
5.001903891077575e-10
1.1252636600289634e-09
1.7025150178540116e-09
6.687993492349165e-10
1.9807797069226751e-10
1.1067772254236274e-09
3.063722053830986e-10
1.566752144688266e-10
1.4583438623372302e-10
1.7250936790169646e-10
1.4197609754518226e-09
4.869091352333044e-09
1.8281823832566602e-09
1.2257403980697745e-09
1.7834947407813218e-10
5.151954418636251e-10
1.5665306551948532e-10
2.97166424800821e-09
7.480421615468913e-09
1.0589114030068458e-09
1.528502463488124e-10
5.755281806685275e-10
7.495666309864646e-10
6.717952305557162e-10
2.2348187744825054e-09
8.214378066639938e-10
4.4143003141705606e-10
2.7822508186226003e-10
2.273951693609888e-09
1.8336135942931264e-09
7.831857939955e-10
2.286554945385433e-09
4.752295779120175e-10
7.817121394637638e-10
1.6334920083238558e-09
4.020108246294285e-09
9.094611730375846e-10
3.2505204083932426e-10
3.1997790528315306e-10
1.4288260574701894e-09
3.667278036800781e-08
2.0772965569904045e-09
7.041728866674646e-10
2.6154239884945696e-10
2.019791223162315e-09
1.912413338800434e-09
5.444218409422774e-10
7.912822619360327e-10
4.770550066091062e-10
1.480949474164106e-09
3.6581564444304604e-09
2.2169743818523102e-09
6.084355685942455e-09
2.2089159668059466e-10
1.1707272928873635e-09
1.4940446657618622e-09
6.566811538988304e-10
4.011950494042793e-10
1.5631206551347532e-08
6.039002631297308e-10
1.6619168541343043e-10
6.277738329174554e-09
5.378662848443128e-09
1.661009996212215e-09
1.283917139272006e-10
1.3681458188585793e-09
3.846726548406565e-10
1.1771061902976498e-10
1.7124839324367258e-09
2.7239713262794396e-10
3.379672008918533e-08
6.055541068583636e-10
2.459924930420243e-09
1.5270207320838836e-09
2.845955970887104e-10
5.010371673108693e-09
9.170207648789841e-11
1.3169932921996974e-09
1.1285741230437907e-09
2.9097730891436413e-09
