2.8669766560796006e-10
6.453472478629152e-11
1.0994858495871895e-10
1.8572729465482496e-10
6.549294960522811e-12
9.75089384236405e-11
1.2367686041958592e-10
1.5870829095376848e-09
5.843028838548037e-10
2.0561931324269977e-10
9.303854908715437e-10
3.6397962421830243e-10
4.804582287576409e-10
6.830954552006219e-11
1.7134137164642738e-10
2.4678259435972905e-10
5.288940813086285e-11
2.423159450870571e-10
9.635612446823316e-11
9.858795724237979e-11
1.2102598090368843e-10
3.4613756305645893e-10
2.5935714687008726e-10
1.6662195234662391e-10
1.3656545339024717e-10
1.672832844468175e-10
1.3846358087876709e-11
1.8332273477028593e-09
2.3781765445818337e-10
7.112453681568098e-11
2.0223835106580879e-10
2.9194602291227056e-10
7.853614286679189e-11
1.0087031210304076e-10
4.95798013755433e-10
6.729236612379452e-11
3.0630209479909354e-10
2.0496626618182745e-10
1.800620347269799e-10
3.678192750378173e-10
5.406936010032837e-10
3.291693653761918e-11
6.946425379350529e-11
3.0054031485704513e-10
1.156315806993824e-10
1.9785405258598843e-10
7.446563365931524e-10
1.3491978645419067e-09
9.791915889234559e-11
1.7572089339168429e-09
4.624887278703582e-11
1.8314974536970396e-11
3.955709371172844e-10
1.9564249525982902e-11
3.793802771934196e-11
1.3622306060945277e-10
7.380807770518416e-11
3.4217680772163916e-11
1.144211614345636e-09
2.597844717122655e-10
8.057581685205761e-11
1.0905273906125501e-10
7.268536883486831e-10
3.724527630755148e-10
3.6330158326158823e-10
2.6667924812873167e-11
8.315791111268567e-11
1.1576846425942477e-10
1.324647336264917e-10
1.8875767615611494e-09
2.6499497041143627e-10
1.1197075211466512e-10
9.11596909070056e-11
4.2822453916180336e-11
7.337834784237884e-10
6.568132149276096e-11
1.265811344630663e-10
9.218639740460333e-10
1.2740235533215127e-09
3.293979533580682e-10
5.7937273034713854e-11
5.371151440280997e-11
7.937159263171623e-11
9.076964874177307e-11
1.9175297460982677e-10
6.679410496923666e-11
3.231270112591389e-11
6.479691089245065e-11
9.662386446507298e-10
4.603094988508971e-11
5.490407573027767e-10
1.1192033411155933e-10
3.8604501539918346e-11
9.609060769300015e-11
2.3443899599406848e-11
3.3993929893227914e-10
8.224679270973922e-11
2.7317936801551923e-10
1.5453602286719104e-10
2.2591906123636818e-10
3.0286551044866883e-10
7.752212760614441e-11
1.477959976625698e-10
1.0677835698968963e-10
1.211337280482283e-10
3.467097442477751e-10
2.8130880957988325e-10
3.3354458084389194e-10
3.06853820131181e-10
2.7832519275405865e-11
7.197816787041234e-10
1.036836394519014e-09
1.444677849571363e-10
8.834882825325963e-11
1.0327110278041118e-09
1.1237152874876699e-10
4.337929321307499e-11
3.255521963119179e-10
2.397994303127149e-10
3.568371986784058e-10
1.5030635069912535e-10
2.2454144099626205e-10
4.0035214032840827e-10
5.966808297452886e-11
7.587257905283806e-11
2.89890091098588e-11
5.268997738117065e-11
1.9086518476818526e-10
2.340272073353411e-11
1.3265628873160296e-10
5.772281541638336e-10
1.8066453888465617e-10
3.5616884441758145e-11
9.769779429902314e-11
1.6482661069350257e-10
2.8700890622457287e-11
6.333013558013079e-10
4.533044078991466e-11
5.892710208676988e-10
6.849698586108843e-11
1.595891196970456e-10
2.5437856682186677e-11
2.335090974747711e-11
9.953946694674087e-11
9.649425702917824e-11
7.739881513479929e-10
1.386314257834087e-10
4.7519634061021776e-11
1.5671228204006127e-10
1.3706387413936483e-10
3.886416882759036e-11
2.611610754044147e-11
1.228968316002721e-10
4.6306788265004784e-11
1.9299536968553355e-10
1.5702661393390827e-10
2.4554802635634587e-10
2.1482246537196659e-10
3.064561451826542e-11
8.998818357142113e-11
5.4662954718232015e-11
3.99790867078309e-10
5.6843668660988556e-11
5.697193827813862e-10
1.680533143200158e-11
6.341031172363287e-11
4.3349812628434847e-10
5.378314460458e-11
1.0985150566966695e-08
3.772532564116915e-10
2.3422724870769684e-10
1.336966995446609e-11
2.7463564755692005e-10
6.904715688094143e-10
8.681538266053224e-10
6.330788324127035e-12
4.5462275610752556e-10
8.945773288804304e-11
4.085554464183794e-11
3.978139206939346e-10
8.300224396684541e-11
2.509493168822985e-10
1.1523305920579929e-10
8.249385202718784e-11
2.400061815954757e-10
6.240847838512309e-10
9.69793689797882e-10
7.443827498843092e-11
6.988032374977138e-10
4.130503439281341e-10
4.480342138957205e-11
2.8818339381508906e-10
2.524641606882483e-11
3.013845284449701e-10
1.1934726817930397e-10
1.604108373909341e-10
1.90258059307169e-10
5.207944075991122e-10
1.8875326301959205e-10
7.501722854019732e-11
2.8322361123045425e-10
9.33401619884755e-11
1.9035323664540194e-11
3.9494923997906994e-10
4.9522344558461384e-11
5.643091549600854e-11
2.8239305338573217e-10
8.700641596082193e-11
2.706821398967829e-11
1.0218069446121802e-10
7.110600996895755e-11
1.3315074043340758e-10
6.404955038563642e-11
9.923722954496839e-11
1.9606465062604883e-10
5.634138294796642e-11
2.108066082806559e-10
1.556560158544329e-10
1.4590126329316888e-10
1.8487603808958752e-11
2.939928508971512e-11
2.589823147602921e-11
1.2351624167905584e-09
5.831090471586364e-11
1.6546469749911807e-10
1.344552108539787e-10
7.57574947218842e-10
3.5255787178556375e-10
3.9463865508793106e-10
7.925374800876739e-10
2.1012279416421364e-10
2.117073738538977e-10
1.0322349225377891e-10
3.4730190945353456e-10
6.760935561400672e-11
1.5407599640582248e-09
1.0308564002414755e-09
1.20809237613706e-10
7.681738578568797e-11
1.4826825878166972e-10
9.737956274680215e-11
3.896752365228906e-11
5.978801481676399e-11
2.431779777545273e-10
4.731338237862204e-11
4.37282127174754e-10
1.4191450792289118e-10
8.470074641664382e-11
1.8026259651637844e-10
2.6267980846039762e-11
1.5623469185044314e-10
1.3054060610251383e-10
1.9853946264802858e-10
6.726072476759271e-10
1.1049785392236444e-10
1.367929797213563e-10
1.4928430713823104e-09
4.734874159417757e-10
6.415515341195999e-11
5.508907566231791e-11
2.2841736835310655e-10
8.677350504804338e-12
2.23894583428752e-11
2.1881450817939907e-10
1.3041554502990493e-09
3.1460717364595325e-10
2.1973063646374413e-10
3.5847252943810304e-10
1.8095380749372225e-10
6.957632248116852e-10
2.7391033885493243e-11
6.884622733016599e-11
2.2777302613463668e-11
3.897862033142019e-10
7.778257898882757e-11
1.121185033703398e-09
1.9147483598658255e-10
3.2874397648541276e-10
4.762650274159341e-10
3.797547692974135e-11
6.092722160122577e-11
6.646906636209593e-11
2.528129372514343e-10
1.9221163549687503e-10
3.2415961581655495e-10
1.5087089910714724e-10
1.191922671672785e-10
1.0653582460662392e-09
1.4990697572159206e-10
7.009778868471983e-11
1.357338907936878e-09
9.700902303677594e-10
2.3280621874732788e-10
1.0950133161324871e-10
1.487606038352851e-09
5.938090019697029e-10
5.182376403012334e-11
2.3114918312749921e-10
2.0726319965858053e-11
4.988542912087723e-10
1.1740219907352412e-10
1.2515322111994465e-09
2.1199153543705052e-10
1.2227181767077155e-10
1.6798218371860685e-09
2.0677837220262063e-10
2.295888201775398e-10
7.75196226654451e-11
1.870553989480328e-10
1.56300847264923e-10
5.272400294131785e-10
2.7892838039278445e-10
5.0938704643233024e-11
2.1647204861974245e-11
7.61850166286493e-11
1.2691900308503534e-10
4.933903285930796e-10
1.8139559299079622e-10
4.6047334834042886e-09
3.344282073491911e-10
8.563190434518475e-11
2.121332276505683e-10
2.957406541881369e-10
1.1530530696912678e-10
3.469601689287671e-11
1.8997495243588958e-10
5.959084614648447e-11
3.049455826742431e-11
2.6559560106775848e-11
3.1550470569463585e-11
2.453969805138456e-10
8.454600353147157e-10
3.2691938045559255e-10
2.2182129744141577e-10
3.149377980626866e-11
9.098963249520864e-11
2.6886970080908235e-11
5.130550428944503e-10
1.2977116048418225e-09
1.8126369849547075e-10
2.7802813870603238e-11
9.874131373655004e-11
1.299296364942748e-10
1.1549119299791855e-10
3.8440320371257997e-10
1.5850146195539594e-10
7.631315024347884e-11
4.440657216941979e-11
3.899762457404421e-10
3.287355665460012e-10
1.4212385435197206e-10
3.955410443623464e-10
8.41185524014243e-11
1.3675910404131741e-10
2.920641783976663e-10
7.013784553144831e-10
1.755673523229362e-10
6.330425073031165e-11
5.709380884733051e-11
2.489855266407659e-10
6.5552061556672925e-09
3.574069096234922e-10
1.2085145384421736e-10
4.50368596582873e-11
3.464773745687211e-10
3.282604743581885e-10
9.686518254170551e-11
1.4558788896668062e-10
9.022589619878119e-11
2.550673006140869e-10
6.374358818561632e-10
3.862333231019477e-10
1.0524299209890842e-09
3.807766602026419e-11
2.287971478942552e-10
2.577075497445236e-10
1.276276861972292e-10
6.966709154010431e-11
2.7399935653704688e-09
1.0800461913706982e-10
2.9074000151840806e-11
1.0863531185734132e-09
9.304128578691007e-10
3.1726801741349675e-10
2.481629485240333e-11
2.3549648342502394e-10
7.183890982087604e-11
2.0844333203928755e-11
2.943368604402252e-10
4.754708432530563e-11
6.029270416263444e-09
1.1829726087597692e-10
4.2463543792337077e-10
2.799231957339998e-10
4.9999941686973415e-11
8.67728389142286e-10
1.6020015175532976e-11
2.2814375388868768e-10
1.9489368452418887e-10
5.003223946253854e-10
