3.720179164723447e-10
8.335993700869793e-11
1.4259324276899576e-10
2.3962923312303985e-10
8.31221723396336e-12
1.232213220347944e-10
1.5835147082476908e-10
2.0578490023126506e-09
7.573361382462451e-10
2.6626023608145033e-10
1.2069739652176281e-09
4.709589940254943e-10
6.199853408439537e-10
8.827363839891689e-11
2.222424466680195e-10
3.195737563466139e-10
6.849038003409191e-11
3.124038527868578e-10
1.2405390603653643e-10
1.2451792374967852e-10
1.56975724086017e-10
4.479908666255028e-10
3.3470726190643063e-10
2.1150763085397983e-10
1.7105480920598382e-10
2.1699143870623772e-10
1.7391598577942702e-11
2.37728414731464e-09
3.0830177299989714e-10
9.217716173681723e-11
2.6222046756174677e-10
3.77973735643522e-10
1.0166316399828901e-10
1.2902381940627095e-10
6.381810635502916e-10
8.69879029918863e-11
3.9570541288114214e-10
2.646141084028386e-10
2.3004148586025508e-10
4.764066363627251e-10
7.013515879172871e-10
4.268036965515698e-11
8.916016536186788e-11
3.8602848695390435e-10
1.4732801090211467e-10
2.5629670608040556e-10
9.645088061560614e-10
1.7273720231969492e-09
1.2636267032739568e-10
2.2789143905299625e-09
5.918630863188667e-11
2.3455255099280592e-11
5.123000912377051e-10
2.5118093369136396e-11
4.850559537361576e-11
1.7166272570090513e-10
9.535253836512325e-11
4.388839291991076e-11
1.481728406638183e-09
3.3390598619398304e-10
1.0412676970661394e-10
1.413766326230359e-10
9.428875458183938e-10
4.797308661430577e-10
4.707993439545533e-10
3.369734699609772e-11
1.078347897087717e-10
1.474381589039453e-10
1.7179085931573468e-10
2.447787750270436e-09
3.395291270358314e-10
1.4479681342827178e-10
1.1803737154369998e-10
5.543301234700593e-11
9.476458506796348e-10
8.474358020871264e-11
1.6331344609987752e-10
1.1938723343263291e-09
1.6523059587214561e-09
4.258969010795255e-10
7.30066770926463e-11
6.954721520902041e-11
1.0140783351930693e-10
1.1682939338175657e-10
2.4710600232680235e-10
8.53288342761438e-11
4.1128746242069525e-11
8.314227084582626e-11
1.2531076176713896e-09
5.856547191651629e-11
7.117038625104044e-10
1.430186524764565e-10
4.9660567325027216e-11
1.219435524779655e-10
3.0148245011574204e-11
4.3932008031433156e-10
1.054192011462618e-10
3.527216851928472e-10
2.0023575852956554e-10
2.8681063080071567e-10
3.903928569304327e-10
9.840298020868943e-11
1.914799152569202e-10
1.3511997076776083e-10
1.5678486287029614e-10
4.4317305381014194e-10
3.645823087872202e-10
4.3201256461067317e-10
3.981431573318872e-10
3.5073666193596864e-11
9.33345511988648e-10
1.3450895952615838e-09
1.8634890852631258e-10
1.1418541806529348e-10
1.3317136282608999e-09
1.5686095478084638e-10
5.5986520974826703e-11
4.1939557382519865e-10
3.0359828540049705e-10
4.629891192653446e-10
1.9372815851514957e-10
2.8750585245873594e-10
5.190949337041673e-10
7.736331020247178e-11
9.741843443045184e-11
3.738799200792009e-11
6.626941356779881e-11
2.466695459002466e-10
2.992672429313892e-11
1.6986978490507454e-10
7.453218042741128e-10
2.3337443089133103e-10
4.463742916960278e-11
1.2651306391386896e-10
2.1374776948412944e-10
3.65921321021645e-11
8.192158618136602e-10
5.866895164130526e-11
7.640944543751971e-10
8.608885826433266e-11
2.07012018638153e-10
3.198045994690091e-11
3.005879919970589e-11
1.289672812987419e-10
1.2098747004252175e-10
1.0040582809622833e-09
1.7682885711245433e-10
6.104269867357459e-11
2.0098631092757557e-10
1.776418040444483e-10
5.005297565308098e-11
3.3534716670224896e-11
1.5916493123491193e-10
5.841300360076573e-11
2.477054117377975e-10
2.0262116984248735e-10
3.178301788420157e-10
2.77699752082583e-10
3.9349298125435084e-11
1.1582311498781195e-10
6.876878233530448e-11
5.180561535311767e-10
7.356757564247474e-11
7.39004968330903e-10
2.1286600954129042e-11
8.128887840630483e-11
5.624724019881455e-10
6.90685841853167e-11
1.4230453260211107e-08
4.871847925080885e-10
3.030973805273618e-10
1.7305972627168487e-11
3.5554248434266356e-10
8.914959881423101e-10
1.1247424103189019e-09
3.197840603430535e-11
5.884181475401817e-10
1.1573901559369659e-10
5.271338573975548e-11
5.147466897170716e-10
1.0720194176805364e-10
3.2363747792807374e-10
1.4641041157226198e-10
1.062995177991688e-10
3.112521629322629e-10
8.080575653046651e-10
1.2548666550316057e-09
9.594013083980002e-11
8.942735996164686e-10
5.351514231755061e-10
5.779930700722247e-11
3.735142473093589e-10
3.197923870157382e-11
3.908334766933308e-10
1.530845172847961e-10
2.0722236426795604e-10
2.4673837972777335e-10
6.688678499955358e-10
2.4439097967565715e-10
9.562187153200341e-11
3.633293665927795e-10
1.2079140465637295e-10
2.401436341448182e-11
5.104700551150643e-10
6.379881345441873e-11
7.240560234711424e-11
3.599897602235558e-10
1.1215448708634668e-10
3.445194823870068e-11
1.3162219925089147e-10
9.028092162743917e-11
1.7086970727220319e-10
8.168742071656965e-11
1.2452566755527528e-10
2.5336605036230253e-10
7.302690396837619e-11
2.734075466026553e-10
1.9781870586044192e-10
1.8903846543683045e-10
2.321146226613724e-11
3.804999371137541e-11
3.249465974075605e-11
1.5960723853680747e-09
7.453820199954109e-11
2.14483986127334e-10
1.7444770628038953e-10
9.807232803638044e-10
4.566832190189274e-10
5.111014944603198e-10
1.0277418915904946e-09
2.7218527431926987e-10
2.7421348525180633e-10
1.3366184548058158e-10
4.486685190041584e-10
8.673989304597285e-11
1.998546217407693e-09
1.3370410334445637e-09
1.5632860284053862e-10
9.950301693706365e-11
1.9157522790358428e-10
1.2460055209828624e-10
4.944950698915207e-11
7.716505212584934e-11
3.151375271848167e-10
5.931141688897412e-11
5.653032486563347e-10
1.816939376730886e-10
1.0813766548878334e-10
2.2877022498590804e-10
3.3428801393675656e-11
2.1451003473504926e-10
1.6837570226968523e-10
2.560696654718697e-10
8.703358034267694e-10
1.427831464173579e-10
1.7723084111409548e-10
1.9361008352092313e-09
6.118369699770199e-10
8.302011855754188e-11
7.092621628901341e-11
2.9539426460445384e-10
1.1001258064247121e-11
2.879511906694887e-11
2.794415254747662e-10
1.6908646705005026e-09
4.0747016871733877e-10
2.8483582159566367e-10
4.614527648882927e-10
2.332161130880195e-10
9.020572067086619e-10
3.4382732772009206e-11
8.622953739934047e-11
2.9430416437215e-11
5.027612215435795e-10
9.951273832742302e-11
1.4543319881710204e-09
2.4810883902937064e-10
4.233735584335818e-10
6.15432815820327e-10
4.879737586227506e-11
7.825785852677569e-11
8.563903752811797e-11
3.2748928568970825e-10
2.462791914847884e-10
4.185098656517283e-10
1.9351342750439926e-10
1.5415790866057932e-10
1.3724154035443803e-09
1.9373733173289054e-10
8.984701871384004e-11
1.7572443500313284e-09
1.2560075202117105e-09
3.017809335759125e-10
1.41083089655325e-10
1.9241395143865248e-09
7.621014375125412e-10
7.299259807691527e-11
2.980948543562789e-10
2.66761543410432e-11
6.466778224023528e-10
1.5133000408340536e-10
1.6227371668620094e-09
2.743778537706021e-10
1.583728287402053e-10
2.177513946932663e-09
2.6810334508020617e-10
2.9720859107129627e-10
1.0032879388388594e-10
2.3972032692221035e-10
2.0204045381166935e-10
6.821506692844537e-10
3.5827255051579243e-10
6.498884763672663e-11
2.713586647051791e-11
9.830385117037821e-11
1.636625557299709e-10
6.399220042752063e-10
2.337093296667092e-10
5.968084693108722e-09
4.3352293976894885e-10
1.1105160541147185e-10
2.665565546067228e-10
3.8164182925015666e-10
1.4912282519929931e-10
4.461744862460648e-11
2.4618426741618293e-10
7.482554853499579e-11
3.863402306403252e-11
3.369199363945086e-11
3.996287328833503e-11
3.172137552631682e-10
1.093869661517033e-09
4.174806889079008e-10
2.819924571628718e-10
4.038061551803196e-11
1.1660240828437196e-10
3.485768618194385e-11
6.643521288651755e-10
1.682532002611481e-09
2.35142433302471e-10
3.5282051585872054e-11
1.2794376669233998e-10
1.6768952892931566e-10
1.4953122073890768e-10
4.981964285555307e-10
1.9848026000524044e-10
9.858936583784228e-11
7.06170122377614e-11
5.060397656464488e-10
4.1943198914040636e-10
1.8044860050636657e-10
5.115026735502681e-10
1.0770957736827569e-10
1.7588701328730139e-10
3.7292774424102504e-10
9.052268379328154e-10
2.1984855602674713e-10
7.955955338978526e-11
7.290095610512637e-11
3.208469323556784e-10
8.492294867323835e-09
4.6309492351959136e-10
1.5657852792116955e-10
5.82863132758682e-11
4.494486727235625e-10
4.256721086726145e-10
1.2380105274267805e-10
1.8405546531319317e-10
1.1323737780788434e-10
3.3018957013020156e-10
8.228750458805223e-10
4.980721945990751e-10
1.3649146257677103e-09
4.92652238448521e-11
2.951383026861265e-10
3.3341476801673764e-10
1.6470869113049957e-10
8.985022448282365e-11
3.552586225197274e-09
1.3778918284135244e-10
3.741188261963124e-11
1.4088424871161465e-09
1.2060477061481834e-09
3.978266605031422e-10
3.190344516346144e-11
3.048992447407528e-10
9.041951215538191e-11
2.671044288526936e-11
3.814113747058201e-10
6.121065460051867e-11
7.81088083101622e-09
1.5098879091457462e-10
5.496617605516008e-10
3.545072013722006e-10
6.42089853508665e-11
1.1239609243318682e-09
2.064117626821016e-11
2.946310972973265e-10
2.5196042474640024e-10
6.488950488048317e-10
