1.0313431220154712e-09
2.2988709547089314e-10
3.953006255663638e-10
6.599890634007011e-10
2.2271070404533688e-11
3.2925295823105216e-10
4.3179959607897445e-10
5.660462321088744e-09
2.0930353006320956e-09
7.36605998419293e-10
3.3326534865096846e-09
1.3005695409518125e-09
1.7051117184863074e-09
2.435791013333244e-10
6.161549048755433e-10
8.839621812306575e-10
1.8943301094420661e-10
8.593732392370157e-10
3.4076763633095197e-10
3.3238845009719853e-10
4.3523082360330534e-10
1.2376712987816063e-09
9.218175667236039e-10
5.693049920374449e-10
4.428210298446089e-10
6.016468434566491e-10
4.5719303343183526e-11
6.532983043427976e-09
8.539562390552646e-10
2.552634215113869e-10
7.26580018373113e-10
1.044963449103875e-09
2.811485488862786e-10
3.5134903320077626e-10
1.7492910453498212e-09
2.401267240603744e-10
1.090977197470977e-09
7.293127213259254e-10
6.252336981482642e-10
1.3172056778643082e-09
1.9405881346301612e-09
1.1815469436182724e-10
2.439021762334903e-10
1.0563693253473616e-09
3.9894010317453876e-10
7.093752252274044e-10
2.6609245917796898e-09
4.677660481178236e-09
3.4815234029039743e-10
6.265336693900281e-09
1.6120141332898186e-10
6.385408868325726e-11
1.4160430605869578e-09
6.861785445400059e-11
1.3191139847101852e-10
4.3906250857261853e-10
2.6303645372927065e-10
1.198529331336573e-10
4.0782057730837096e-09
9.147812507492858e-10
2.8736382717831077e-10
3.917425828170451e-10
2.606256988002542e-09
1.3170915469373767e-09
1.3025549527867497e-09
8.995085232221811e-11
2.988655434243981e-10
3.9897840586888833e-10
4.762336636154885e-10
6.7252714508470035e-09
9.261618694189622e-10
3.999927888909127e-10
3.265708536925871e-10
1.5320875124125166e-10
2.605119453491511e-09
2.333702675549887e-10
4.4984732605612976e-10
3.2899645230344277e-09
4.552785703992868e-09
1.17528431431424e-09
1.9401458217771506e-10
1.9233292736231533e-10
2.756831429806539e-10
3.20801107900337e-10
6.79518941115731e-10
2.3191347453543898e-10
1.1111377790085086e-10
2.2732948856685198e-10
3.458157094016201e-09
1.5819009990813981e-10
1.967570550931441e-09
3.889267241596883e-10
1.3616015259731995e-10
3.281894200846125e-10
8.256147154828142e-11
1.2115436431869853e-09
2.8786659167501227e-10
9.719757221304803e-10
5.544660286460612e-10
7.718171657344897e-10
1.073295119446982e-09
2.649321872993937e-10
5.30151589295258e-10
3.6191288854681147e-10
4.3358597268117194e-10
1.2041743158164309e-09
1.0092799929140028e-09
1.1946967859444158e-09
1.103545921310456e-09
9.009936546844344e-11
2.5787882940164764e-09
3.711976503950609e-09
5.131426394910932e-10
3.1518609944214404e-10
3.6481044851655042e-09
3.9315023458996734e-10
1.5417039866960636e-10
1.1520259191044602e-09
7.714411887072004e-10
1.2828823559019042e-09
5.329232055650834e-10
7.837063220605955e-10
1.436797902876208e-09
2.1432104702068244e-10
2.666277754137525e-10
1.0280531981265995e-10
1.7538309693421184e-10
6.80794753904479e-10
8.134550671945462e-11
4.632818018102114e-10
2.0502728403926085e-09
6.437386734781114e-10
1.1574874392294987e-10
3.5006364473844087e-10
5.924657986433601e-10
9.907940440312402e-11
2.257952269602015e-09
1.6212821363215113e-10
2.1127015692457007e-09
2.2746035610587967e-10
5.73993241825832e-10
8.447416377510564e-11
8.242192345297994e-11
3.570914675066206e-10
3.1733177197068585e-10
2.774685370354746e-09
4.795794317224988e-10
1.6710471895109436e-10
5.492786225858026e-10
4.92068996660322e-10
1.3744268223536693e-10
9.167527847964152e-11
4.4050069147871795e-10
1.5553752730212977e-10
6.775482397358701e-10
5.581896056483515e-10
8.786543714833783e-10
7.665952317381652e-10
1.075929206839632e-10
3.180352647902396e-10
1.8211025742953524e-10
1.4328923603201815e-09
2.0334384176479148e-10
2.0444290704801915e-09
5.7008509024569776e-11
2.2198690108332642e-10
1.5578780487857102e-09
1.8902857057412348e-10
3.819956972961336e-08
1.3420123901042302e-09
8.377013527294253e-10
4.7730683988556066e-11
9.829737024347196e-10
2.450612601734292e-09
3.1017737267546863e-09
1.2356271561486665e-10
1.6246586298507282e-09
3.1988806048488527e-10
1.4509086987413156e-10
1.4212387933199011e-09
2.9564786729885384e-10
8.905997050945302e-10
3.947667748249728e-10
2.9230434739346833e-10
8.624979619398232e-10
2.2298960455913175e-09
3.4535765358612025e-09
2.638742002680772e-10
2.2398796151179567e-09
1.4797703062896517e-09
1.5908160899691381e-10
1.0340424072552423e-09
8.571526821654629e-11
1.082608447333655e-09
4.1847139642392506e-10
5.716740969496925e-10
6.838868915615137e-10
1.8276524738070066e-09
6.760523252324901e-10
2.5908078460368245e-10
9.926557353878707e-10
3.339585274986234e-10
6.387148449027436e-11
1.40750633370601e-09
1.7530830953571552e-10
1.839400715075712e-10
9.746639051400052e-10
3.0855379362648705e-10
9.304546022548266e-11
3.6180891616055533e-10
2.431534418256831e-10
4.673755271689117e-10
2.214872868444573e-10
3.275129611957084e-10
6.991827117275307e-10
2.02218117251185e-10
7.578099814331551e-10
5.334896413522472e-10
5.23438625776862e-10
6.101985583484293e-11
1.0508308806445044e-10
8.533587031456236e-11
4.3794066151292554e-09
2.0274312784174242e-10
5.941988567848e-10
4.838525691219786e-10
2.7037334593416062e-09
1.2629313150824828e-09
1.4127672365304988e-09
2.838607571220564e-09
7.532984236391371e-10
7.58824114654999e-10
3.6982822360087653e-10
1.236696189899078e-09
2.371333129858044e-10
5.5008744226370254e-09
3.6889498122860687e-09
4.322007196577715e-10
2.7539001634657723e-10
5.28656618481449e-10
3.3946048749733393e-10
1.33010477632034e-10
2.125694065213679e-10
8.72487415648493e-10
1.53470056107885e-10
1.5587120483218087e-09
4.954003873791635e-10
2.936813014997597e-10
5.812998971066463e-10
9.025941105633706e-11
5.370956457362297e-10
4.6362891303886045e-10
7.049181793838954e-10
2.399242582384886e-09
3.940558712667297e-10
4.90728846447297e-10
5.329249486152321e-09
1.6857235607403709e-09
2.2946340660912057e-10
1.947607214392022e-10
8.158032582805674e-10
2.945371724294432e-11
7.885948838382006e-11
7.58909324272139e-10
4.656700802740943e-09
1.1269002397895633e-09
7.889653375059424e-10
1.266039384439921e-09
6.414440090196649e-10
2.492214656868441e-09
9.044304888350396e-11
2.2472956828778479e-10
8.107598620243905e-11
1.3826865208343975e-09
2.710428548269306e-10
4.011116772062451e-09
6.869851909563351e-10
1.1624521345510175e-09
1.6956253068300953e-09
1.335988403239341e-10
2.142563348961346e-10
2.3541729676779255e-10
9.061884576055945e-10
6.72081057473406e-10
1.1528118459835923e-09
5.289351734383274e-10
4.2593215066055734e-10
3.7539624742066735e-09
5.347753351259144e-10
2.4532087472550757e-10
4.82994755302002e-09
3.459244224401914e-09
8.358341241354594e-10
3.8793013246163355e-10
5.2796700344970304e-09
2.0794526101042266e-09
1.8355361675048698e-10
8.203662194006256e-10
6.788301865068291e-11
1.7884314029714687e-09
4.1634576342097773e-10
4.4705332769012784e-09
7.585885253291735e-10
4.38367231403447e-10
5.985329565305619e-09
7.428541115572784e-10
8.218299929474426e-10
2.7739308072760593e-10
6.54378107256548e-10
5.578234540948301e-10
1.881781619417211e-09
9.805514178395924e-10
1.762672507954477e-10
7.053179568172752e-11
2.7077162734201465e-10
4.505055495318544e-10
1.7708865485133174e-09
6.425299181600508e-10
1.624036904956938e-08
1.2000935800671186e-09
3.078152455149308e-10
7.029752335796502e-10
1.0508052206148477e-09
4.1199230138566634e-10
1.222605350292838e-10
6.817240660872415e-10
1.9274376539257787e-10
9.882552415296786e-11
9.052781441143409e-11
1.0714309994774851e-10
8.755143832139822e-10
3.012099680788083e-09
1.1329377436197774e-09
7.605407414956744e-10
1.1020931389715827e-10
3.1833213842702435e-10
9.645303999938903e-11
1.8347089403292216e-09
4.633966099731879e-09
6.519980666475078e-10
9.486186142160236e-11
3.5429237321693563e-10
4.6209502890803833e-10
4.136926912146066e-10
1.378354652636915e-09
5.155976756654468e-10
2.7197358254404946e-10
1.7748727487720828e-10
1.4020709038220502e-09
1.1367351504532053e-09
4.859411761870547e-10
1.4112678803357426e-09
2.937198262387142e-10
4.825045363254787e-10
1.0120975169058966e-09
2.486972849879976e-09
5.709622774574541e-10
2.0461750349642926e-10
1.9797577466285077e-10
8.820175700918753e-10
2.2988746906094093e-08
1.2810640326321732e-09
4.3355402601363835e-10
1.610604705160057e-10
1.2451115694034343e-09
1.1788841014492846e-09
3.3674404931183233e-10
4.920434060196044e-10
2.9800240053390326e-10
9.129069167279624e-10
2.262164011668233e-09
1.3694435585520637e-09
3.765086464824208e-09
1.3605289117535335e-10
7.439445726120653e-10
9.21156761979347e-10
4.164673883533254e-10
2.473202198594038e-10
9.726962346690016e-09
3.738271914244251e-10
1.0257310278927179e-10
3.8853640305092085e-09
3.3269906829502816e-09
1.040935559970535e-09
8.117283234465589e-11
8.432176068495778e-10
2.3971113982668157e-10
7.27921473098192e-11
1.0556064911071417e-09
1.6803622382433048e-10
2.116924235906481e-08
3.8332115259720467e-10
1.518110304132847e-09
9.496625708038664e-10
1.757110568156861e-10
3.098866052653193e-09
5.662465288325258e-11
8.122870154281259e-10
6.95677015993823e-10
1.7955844588968262e-09
