6.442877786838608e-09
1.3998168180151538e-09
2.4834163614428917e-09
3.948071647386087e-09
1.0620349738532653e-10
1.5475244419249634e-09
2.406259191900517e-09
3.40031220957826e-08
1.281116368545554e-08
4.542461518042273e-09
2.0358406516152172e-08
7.908825594427071e-09
1.0083267554250597e-08
1.4884633525724666e-09
3.859891517521419e-09
5.440907724363342e-09
1.1796289500765056e-09
5.090517340988754e-09
2.0096211361675387e-09
1.5478370807286979e-09
2.7345441466763987e-09
7.548734082263309e-09
5.5048783309530336e-09
2.8562585629998694e-09
1.4623395827584318e-09
3.7717069467646525e-09
1.7888597547699447e-10
3.9133890794573745e-08
5.306677319794062e-09
1.598522314516515e-09
4.529786767903943e-09
6.4058323090421254e-09
1.7425226817024964e-09
1.939916671744868e-09
1.0107376269274937e-08
1.4716960983207628e-09
6.561163612417431e-09
4.382031626448679e-09
3.392105263344547e-09
8.076910695820061e-09
1.1969831348324078e-08
7.436549709360918e-10
1.398668292296179e-09
6.026031229566797e-09
2.104516783063559e-09
4.3895682644290446e-09
1.6119400925163063e-08
2.5155548755151358e-08
2.0976949066664474e-09
3.760142419650947e-08
8.967586673236383e-10
3.559757211224479e-10
8.666129147627544e-09
3.931580061511397e-10
7.261229395538749e-10
1.1980263447952666e-09
1.602892929497557e-09
6.824820708573043e-10
2.4436364043367576e-08
5.262327462673966e-09
1.7549732778121552e-09
2.4533923781433487e-09
1.5995707869365106e-08
7.690980297070382e-09
8.023079978158876e-09
4.197794334359628e-10
1.879062461185299e-09
2.0935566613644596e-09
2.986891622924759e-09
4.025737965207554e-08
5.161718608093224e-09
2.4522672781301935e-09
2.0271853085063185e-09
9.51270506810431e-10
1.5397279895523752e-08
1.4064178710526676e-09
2.699925394367142e-09
1.9819550445276946e-08
2.7550425940603418e-08
7.112108679763196e-09
8.6447343727869e-10
1.196513221835005e-09
1.504587898715215e-09
1.8876291640879117e-09
4.019456767423435e-09
1.2647914937602422e-09
5.793570623247035e-10
1.2996244080909491e-09
2.1055786447732316e-08
8.215938485101049e-10
1.206676891740699e-08
2.123196951586692e-09
7.986387662306527e-10
1.645648173287384e-09
4.816852472444566e-10
7.298606163885779e-09
1.6262241553377521e-09
5.826339855019569e-09
3.4472291687848156e-09
3.86835807830721e-09
6.328778390241041e-09
1.3337877469155046e-09
3.294190031866151e-09
1.738969301889881e-09
2.6768272043398156e-09
6.522464346403467e-09
6.24428153628287e-09
7.3361015040518396e-09
6.8834689059826815e-09
2.4860341563126553e-10
1.577921260320636e-08
2.2624263351644913e-08
3.0701878817041006e-09
1.9259343009281338e-09
2.113047692375858e-08
5.786252033068706e-10
9.325078487165683e-10
6.7509606793692e-09
1.9593482392110673e-09
7.98379229394186e-09
3.1647919840338545e-09
4.3457748510888905e-09
8.876551937930799e-09
1.3478869131944293e-09
1.5336572012358829e-09
6.174301070416277e-10
7.481241182105691e-10
4.13175360591822e-09
4.4736828130886863e-10
2.583803837552523e-09
1.2152611361671006e-08
3.892772326707927e-09
3.7869007929458576e-10
2.1734936073158906e-09
3.706615681053904e-09
5.270077707564269e-10
1.3572486246005155e-08
1.0050602572420075e-09
1.2974028962275952e-08
9.538021483734838e-10
3.6001666092744244e-09
3.521816172025183e-10
4.855735258324501e-10
2.2268686894477696e-09
1.2283438710625205e-09
1.7011823061352516e-08
2.560485379277111e-09
9.66774438282414e-10
3.1088194241135625e-09
3.0691065244781157e-09
8.151974095760295e-10
5.273732006649823e-10
2.733379522723567e-09
7.071471186392841e-10
3.856135410984507e-09
3.347941257558773e-09
5.387861268246752e-09
4.6563246591802e-09
6.192218959810702e-10
1.8713774974088437e-09
7.820563641125489e-10
8.808890505918043e-09
1.2596902410066946e-09
1.2599045362549077e-08
2.7473939789857127e-10
1.2573361241052794e-09
9.668473133217503e-09
1.090324275310195e-09
2.1292306939812988e-07
8.020735187130867e-09
5.128283575572823e-09
2.9398755652110253e-10
6.027853771684022e-09
1.4470775688835147e-08
1.8769087617442892e-08
2.1073268130500367e-11
9.870088746311012e-09
1.9721866362232277e-09
8.751901980907917e-10
8.632246917272823e-09
1.7963512899399348e-09
5.288459892227593e-09
2.0101009745587817e-09
1.7393921858399608e-09
5.375184741751582e-09
1.35148923163797e-08
2.0633235564559982e-08
1.5741348224906915e-09
5.094453747744865e-09
9.08023345402853e-09
9.58405688145092e-10
6.398589214029471e-09
4.163783484667505e-10
6.724604428853809e-09
2.3766881795950212e-09
3.4626661538084136e-09
4.2737817729232574e-09
1.0331771882476914e-08
4.168789757841296e-09
1.3765220074901663e-09
5.596992203038553e-09
2.062681137005029e-09
2.8708180277448037e-10
8.468559187235769e-09
1.0427150254344042e-09
4.062563618845161e-10
5.13377163002815e-09
1.841633956445321e-09
4.842323764187029e-10
2.1434543029386077e-09
1.228521617768763e-09
2.6647779538535588e-09
1.1851138959073637e-09
1.3091022710298716e-09
4.238749351515025e-09
1.268660621001061e-09
4.733261338429884e-09
2.7200821595130265e-09
3.2547717854214397e-09
2.397227416572889e-10
6.510953443061851e-10
3.3184455183743466e-10
2.572205559658869e-08
1.1137840649766417e-09
3.704338835675003e-09
3.044986929268134e-09
1.6300951699577126e-08
7.755131647968483e-09
8.647640825643066e-09
1.7342951963428277e-08
4.65762717283269e-09
4.687901622446589e-09
2.294387790868768e-09
7.423839321063497e-09
1.3537362342219694e-09
3.3173112257145476e-08
2.2446956293720177e-08
2.66307065288629e-09
1.716421116348954e-09
3.210169241540939e-09
1.8814640956321682e-09
6.664953033919119e-10
1.2852234831939313e-09
5.404283243137797e-09
4.881494097830341e-10
9.380192622643335e-09
2.7564774907062883e-09
1.5891915561283554e-09
1.4324763597528545e-09
4.687598087471656e-10
8.382366467607483e-10
2.7750706177442908e-09
4.200555903111081e-09
1.44440202021201e-08
2.400149634596005e-09
3.0522213645411966e-09
3.212417354347963e-08
1.0092711555387268e-08
1.4194796449373825e-09
1.151475248484246e-09
4.9691011305696975e-09
1.4049038321584106e-10
4.6036635614754573e-10
4.091736727218631e-09
2.809231602896034e-08
6.923482231968592e-09
4.904839201458344e-09
7.356933284796696e-09
3.800491921168714e-09
1.5239701056657395e-08
3.590711339374053e-10
7.990173522820498e-10
4.944216147606539e-10
8.171754828367739e-09
1.5017468379951993e-09
2.4379151142284172e-08
4.263354114186768e-09
6.791363471592149e-09
1.015194328601865e-08
7.751617125961729e-10
1.2378583713612556e-09
1.4004754023133614e-09
5.591222596024181e-09
3.759568656391821e-09
6.889212755822882e-09
2.9976165993872428e-09
2.613336658185972e-09
2.15313864515565e-08
3.253544988979229e-09
1.3867011983137445e-09
2.875766647036926e-08
2.077194238836455e-08
5.191982399566086e-09
2.30180163818261e-09
3.112461044452175e-08
1.1648332076674706e-08
2.6136090514050636e-10
4.8751371828359424e-09
1.4681920956771677e-10
1.0990532040011658e-08
2.4792903285941748e-09
2.7009519953935524e-08
4.657200847191234e-09
2.7227560206455337e-09
3.58225236141152e-08
4.629570948821993e-09
5.048631290804906e-09
1.716664033146742e-09
3.669066384048847e-09
3.398257009123995e-09
1.1367429664232986e-08
5.599384955701225e-09
9.47239287008017e-10
2.373303775726754e-10
1.6320391704738313e-09
2.6908937300618163e-09
1.0930533811404075e-08
3.795465275402421e-09
9.414311819000432e-08
7.4207684441773836e-09
1.936250049183741e-09
2.927643238948008e-09
6.261678731078746e-09
2.5273048098739537e-09
7.145835589916771e-10
4.233769335115767e-09
5.727441854119775e-10
2.5000798653529444e-10
4.499392247669931e-10
5.214520482077489e-10
5.308139261472888e-09
1.8032375592724748e-08
6.0774598686919035e-09
3.881674537353774e-09
6.251084094799353e-10
1.7937904495113344e-09
6.060895119119891e-10
1.1166568114617803e-08
2.7961506887663745e-08
4.086295746219548e-09
4.742353176823144e-10
2.2110588915325025e-09
2.781138652707682e-09
2.562135170691704e-09
8.490003367001009e-09
1.7931818252492349e-09
1.6571749528182522e-09
1.8771702248177036e-10
8.721277922063564e-09
6.037301769623582e-09
2.4478241655856436e-09
8.529300821180641e-09
1.6416508152872211e-09
2.810371713124482e-09
5.429830363112842e-09
1.4631156730615658e-08
1.9865393774409768e-09
5.929068902510437e-10
1.0739661382430654e-09
5.199926267351884e-09
1.3104873630709335e-07
7.88335974277743e-09
2.6996489488340103e-09
9.98055749157345e-10
7.738277574276253e-09
7.311921734753923e-09
1.8432908532872716e-09
2.3250215086534354e-09
1.1979852665433555e-09
5.600669261696112e-09
1.3357611017283944e-08
8.079111601944078e-09
2.288479983292291e-08
8.409595242397927e-10
1.5804547670583702e-09
5.622945664640611e-09
8.799589945596153e-10
1.4847676421680944e-09
5.7526804653207364e-08
2.003483157153596e-09
6.028950116920839e-10
2.358964756865589e-08
2.0191377458900206e-08
4.038242629178512e-09
1.7692457221496483e-10
5.18459675191707e-09
1.0421591367659744e-09
4.090763561226396e-10
6.5190715048402126e-09
9.928480260157357e-10
1.2105628854897077e-07
8.883494495570687e-10
9.240926246434356e-09
4.5891512812090696e-09
1.0134064698519296e-09
1.8719795491506375e-08
3.3525537901368807e-10
4.888433213778853e-09
4.233418060550775e-09
1.1077853301344476e-08
