5.29739918597727e-10
1.1832965163272036e-10
2.029732493191716e-10
3.3994906889489585e-10
1.1649076668562852e-11
1.7207227309690154e-10
2.234454427041399e-10
2.9245048605019974e-09
1.0772825964622257e-09
3.7864550384014706e-10
1.7171549737682312e-09
6.693262055712523e-10
8.793889505476216e-10
1.253421116897968e-10
3.163934947369995e-10
4.544645770820921e-10
9.73778765955835e-11
4.4295089818291444e-10
1.7572196475690305e-10
1.7379667149874933e-10
2.234648022181318e-10
6.368068850015618e-10
4.748907933560531e-10
2.9648189459052787e-10
2.352683603490391e-10
3.0892938207571774e-10
2.4110605872929014e-11
3.3778460029054713e-09
4.387527285931725e-10
1.3113443664281021e-10
3.732173459169985e-10
5.374188871698493e-10
1.4452269936349182e-10
1.819299572103361e-10
9.036087433855755e-10
1.2354287037830147e-10
5.618130960449719e-10
3.755477040456867e-10
3.2407951322532824e-10
6.775190963814737e-10
9.9820385290883e-10
6.072266300893858e-11
1.2602219268131876e-10
5.458945517844427e-10
2.0713683546169648e-10
3.6456304641774295e-10
1.3710811375133858e-09
2.433399037826689e-09
1.7927703765963088e-10
3.2385267800805195e-09
8.34733601684512e-11
3.309112012184201e-11
7.284958747355574e-10
3.5499159167784455e-11
6.836121946296458e-11
2.3485630107344946e-10
1.3537147791620185e-10
6.19917728261754e-11
2.1050274856548867e-09
4.724326485572306e-10
1.4786072366490544e-10
2.0119020338604798e-10
1.3417276178984139e-09
6.796753160287494e-10
6.697771781638551e-10
4.704792805343416e-11
1.5347409454413707e-10
2.0722223936786577e-10
2.445386393379323e-10
3.4778513402500266e-09
4.793024310778549e-10
2.0572016312669916e-10
1.678373690028323e-10
7.878862146037946e-11
1.3444647617433247e-09
1.2020245909738492e-10
2.3167545659674715e-10
1.6966075211399811e-09
2.3493409440078494e-09
6.050039358385106e-10
1.0167337111122166e-10
9.88737217100244e-11
1.4286587191048028e-10
1.6545548264801369e-10
3.5026870293108914e-10
1.2020018314018444e-10
5.777100325898843e-11
1.1748768624642025e-10
1.7823580389375593e-09
8.22426571289725e-11
1.012482653273139e-09
2.0152135515871805e-10
7.028858051150166e-11
1.709086205892163e-10
4.265680517145931e-11
6.238690675175462e-10
1.4886170074390748e-10
5.006145498143155e-10
2.8486737968513864e-10
4.0203657070136956e-10
5.534300795417835e-10
1.3794194952954086e-10
2.7238855615507873e-10
1.8891754827166096e-10
2.2288540457715555e-10
6.244459949122927e-10
5.187397178474384e-10
6.144036390764995e-10
5.669049674139615e-10
4.807586967414679e-11
1.3278160793106508e-09
1.9134247519758674e-09
2.643169572102977e-10
1.6216059051110676e-10
1.886704126263794e-09
2.1329527033486784e-10
7.941970692204592e-11
5.942967784555719e-10
4.143442255966079e-10
6.592011936312758e-10
2.7463847862563284e-10
4.0568337578150704e-10
7.387210843035064e-10
1.1008510769627833e-10
1.3772971652059596e-10
5.3006331962590636e-11
9.210237433832091e-11
3.5032932110823367e-10
4.21782678228233e-11
2.397209097892983e-10
1.0574912057137453e-09
3.313409546734647e-10
6.143757030896424e-11
1.7990106626619706e-10
3.042579521661537e-10
5.1461765404603454e-11
1.1636925867364312e-09
8.33795948951277e-11
1.0871887834440486e-09
1.195471083237365e-10
2.94721830274014e-10
4.441703949087383e-11
4.2559032686906306e-11
1.8345629182459078e-10
1.6741413810805739e-10
1.4287167005022638e-09
2.48822684678629e-10
8.63201593537255e-11
2.8394853135438325e-10
2.527627551707212e-10
7.090000114784445e-11
4.7401176733741224e-11
2.2636104102247145e-10
8.143334617738418e-11
3.50133533277841e-10
2.874684656983817e-10
4.5184908592510453e-10
3.944622128937425e-10
5.562046656581998e-11
1.6402967872863883e-10
9.560471858627295e-11
7.369516108468588e-10
1.0455848686863334e-10
1.05176112263905e-09
2.978077159876413e-11
1.1479465988895043e-10
8.007980389912461e-10
9.765309394449417e-11
2.0084250706986495e-08
6.914707140204257e-10
4.308314538459257e-10
2.459174530677899e-11
5.055127982878105e-10
1.2646628189116882e-09
1.5988769197505803e-09
6.686382003628921e-11
8.363427728141914e-10
1.644803598876976e-10
7.476030211561735e-11
7.315400507579284e-10
1.521717057917371e-10
4.589759405870808e-10
2.053964776038697e-10
1.506572089304825e-10
4.4305675794831245e-10
1.148583006482795e-09
1.782155867324775e-09
1.3599156523103062e-10
1.2144438787942136e-09
7.611781760452629e-10
8.196824469175468e-11
5.314666484679265e-10
4.474390996600519e-11
5.562999505492883e-10
2.1629194268957264e-10
2.942201760003371e-10
3.512300728036877e-10
9.455300986616066e-10
3.4751893029927317e-10
1.3448064883903044e-10
5.13343978436609e-10
1.7168963473146448e-10
3.347560770250446e-11
7.249217337523817e-10
9.039548970468658e-11
9.87883039260673e-11
5.062418262369306e-10
1.5899573324595906e-10
4.838938971740703e-11
1.8651127864366401e-10
1.265808013961589e-10
2.4150170752079703e-10
1.1492912177502035e-10
1.7253994066823708e-10
3.598176756547389e-10
1.0389129140309095e-10
3.89211690654534e-10
2.7756125176026103e-10
2.6892754689811227e-10
3.216976338094035e-11
5.4069214383556385e-11
4.500203334978359e-11
2.2639266017421278e-09
1.050448339423582e-10
3.052210151288648e-10
2.4839139078913774e-10
1.3936169995787395e-09
6.495201043676957e-10
7.268004531546524e-10
1.4620284982669318e-09
3.871585829706703e-10
3.90020515883549e-10
1.9006261842147154e-10
6.369804128603107e-10
1.2256165526913776e-10
2.8410824803870582e-09
1.9017167840473803e-09
2.2220270068373793e-10
1.415112332869839e-10
2.7203947428056097e-10
1.7573498212186678e-10
6.92966239945747e-11
1.094737911433441e-10
4.483738935689985e-10
8.15486358995976e-11
8.02865718352308e-10
2.563754486484271e-10
1.5226649108246448e-10
3.121861658073044e-10
4.69471198027982e-11
2.914848917789925e-10
2.3881341348896967e-10
3.631846490215196e-10
1.236511337765478e-09
2.027562423512208e-10
2.521221287299369e-10
2.7521829260024333e-09
8.686581454142583e-10
1.1798795274131635e-10
1.0045504705846753e-10
4.1970846242911364e-10
1.5402703418265773e-11
4.074467846448826e-11
3.935433923185627e-10
2.4035962109536513e-09
5.794958402027817e-10
4.053433977357912e-10
6.535222918380157e-10
3.306065976538264e-10
1.2832072071589096e-09
4.765370736903307e-11
1.1895301410547177e-10
4.1772831721464954e-11
7.129799528549086e-10
1.4033410544733727e-10
2.0684471913057223e-09
3.5298730605148876e-10
5.998002650109413e-10
8.737667256397685e-10
6.901446775176012e-11
1.1066335348086653e-10
1.2135806248814163e-10
4.658196051110508e-10
3.4769326306971493e-10
5.939257974318934e-10
2.7341007236003634e-10
2.1904339453371335e-10
1.9428940678523077e-09
2.7515228984142936e-10
1.2686819650387093e-10
2.495372575239685e-09
1.784499104040549e-09
4.2945116907056047e-10
1.9994961242275622e-10
2.7302919924920843e-09
1.0766642022375095e-09
9.939235545708414e-11
4.2275027922755726e-10
3.6435222894315444e-11
9.200569750511534e-10
2.1453890053368951e-10
2.3069839372169554e-09
3.900630929365434e-10
2.2525056819766576e-10
3.0937112871498584e-09
3.8158676218813525e-10
4.225688687853335e-10
1.4260800873522328e-10
3.384833524577857e-10
2.869831594587424e-10
9.692429081553655e-10
5.066593811164921e-10
9.145522533726691e-11
3.7399368324475546e-11
1.3944989607495017e-10
2.3208776567251732e-10
9.107576914857418e-10
3.3123201403917335e-10
8.4567979286021e-09
6.168947019880022e-10
1.5806164710419068e-10
3.699109352162111e-10
5.414479975485165e-10
2.1188048537901238e-10
6.31341992574086e-11
3.5026692657424974e-10
1.0266942157555192e-10
5.285963333712118e-11
4.719794000074273e-11
5.59145854617249e-11
4.505748552041666e-10
1.5536339992294756e-09
5.878398323666545e-10
3.9572653487418563e-10
5.702216129832571e-11
1.6463319596482506e-10
4.958650157149691e-11
9.444960369364708e-10
2.3917894331759726e-09
3.3478703143074995e-10
4.944047254928918e-11
1.820098655125335e-10
2.3793733650023796e-10
2.1261820082330019e-10
7.087867515132018e-10
2.7343816100255935e-10
1.399685090053282e-10
9.643914139489951e-11
7.20523085639968e-10
5.901888977533076e-10
2.529969567177659e-10
7.266434121078191e-10
1.519873255029225e-10
2.489757566781492e-10
5.250883061691525e-10
1.2837806373511285e-09
3.028542971961201e-10
1.0908984826585311e-10
1.026533996695278e-10
4.547689447242931e-10
1.2014535144544425e-08
6.587587697559627e-10
2.2274046496129074e-10
8.2833157000195e-11
6.398361840354028e-10
6.058615831250336e-10
1.7446237510210238e-10
2.571037271970056e-10
1.5694276433997345e-10
4.694531985371952e-10
1.167255958556268e-09
7.062294637982802e-10
1.9412114138361858e-09
6.999575224986287e-11
4.016022514541362e-10
4.738561765194049e-10
2.243507879473583e-10
1.2741384336489858e-10
5.042855022452386e-09
1.9391632744003573e-10
5.295900870616599e-11
2.003542887152321e-09
1.714935526919703e-09
5.501317734690758e-10
4.356635538438347e-11
4.3354264622763594e-10
1.2577031083260692e-10
3.769989528890072e-11
5.426273874675758e-10
8.668587375693093e-11
1.1054079429584363e-08
2.0595443406268288e-10
7.813361069253233e-10
4.958452537451308e-10
9.077943952107148e-11
1.597549204035431e-09
2.9242032406617824e-11
4.182350854531336e-10
3.5792357966357713e-10
9.235042730537657e-10
