6.641355021486106e-09
1.451338826896631e-09
2.561435508141585e-09
4.100885409030752e-09
1.1459293236537604e-10
1.678985173114711e-09
2.530179177284708e-09
3.5066054948629244e-08
1.3224004113965293e-08
4.6947556953114145e-09
2.0986838933367835e-08
8.182821531477202e-09
1.0472904321545684e-08
1.5423499144517905e-09
3.980710872042437e-09
5.62318458463551e-09
1.2189136366913544e-09
5.293744109735599e-09
2.093724305041178e-09
1.68238678543986e-09
2.8201245783066042e-09
7.807451574137758e-09
5.716382478482274e-09
3.059509312564046e-09
1.7184922374013922e-09
3.889474520235581e-09
2.0134746647748614e-10
4.0346492369280895e-08
5.47663248084973e-09
1.6501184862960372e-09
4.673831988100119e-09
6.6224901118516755e-09
1.8015018365957758e-09
2.043364144554971e-09
1.053795628536136e-08
1.5242878070864663e-09
6.803228203011713e-09
4.547729304249515e-09
3.5820195698477164e-09
8.345413249344347e-09
1.2343331690090054e-08
7.672317225981828e-10
1.4641676759907796e-09
6.303594091150444e-09
2.2343091821142025e-09
4.534586039994792e-09
1.6653361356588903e-08
2.6472276815070472e-08
2.1779491543583163e-09
3.876293419580179e-08
9.436057490930239e-10
3.7429756516438317e-10
8.95539287171232e-09
4.115525420456123e-10
7.654074041241188e-10
1.4843950513210302e-09
1.6615750997317491e-09
7.153212466803893e-10
2.524905085010687e-08
5.4983830821697666e-09
1.8185017935934411e-09
2.531692855356482e-09
1.6492139209844936e-08
8.010041518957678e-09
8.2841227211361e-09
4.5590300978837206e-10
1.938334825979382e-09
2.224788353544227e-09
3.080878441252821e-09
4.1503270153953054e-08
5.4222613066201575e-09
2.5388184887731313e-09
2.095069007168604e-09
9.834376646367105e-10
1.597306287237643e-08
1.4605419096369587e-09
2.8042832500574377e-09
2.0478566398196563e-08
2.840683599458771e-08
7.365973164752404e-09
9.479449447624688e-10
1.2365389823187911e-09
1.5881894688263287e-09
1.9674273321612645e-09
4.18246148825574e-09
1.3353130823290371e-09
6.164524446461428e-10
1.361213364248215e-09
2.171401547457208e-08
8.748990421025837e-10
1.2454098197167696e-08
2.240637009265356e-09
8.330531819922271e-10
1.7635357618672742e-09
5.028036875742714e-10
7.564093351675183e-09
1.7065029389584652e-09
6.0458984485478595e-09
3.5597997882774735e-09
4.1431262864932705e-09
6.583599887477476e-09
1.4283647598034577e-09
3.402261583573818e-09
1.8785724087422295e-09
2.7680662206819306e-09
6.882685976705716e-09
6.44660325122004e-09
7.579998850815173e-09
7.096157439434592e-09
3.0633429126680767e-10
1.6277382997031964e-08
2.3321030440115464e-08
3.189986497176278e-09
1.9953523278104512e-09
2.1968208585576576e-08
8.98267960014465e-10
9.679512746885166e-10
7.028953419307982e-09
2.482692496030836e-09
8.230578885104478e-09
3.2920945969294735e-09
4.57031257283802e-09
9.158824809674115e-09
1.3906187312784368e-09
1.6046072248698806e-09
6.415918352153938e-10
8.277601937223267e-10
4.281580423537434e-09
4.715530743659713e-10
2.716319169593362e-09
1.2610744448693367e-08
4.036587952782611e-09
4.455720514773276e-10
2.2460699966586617e-09
3.823622307663754e-09
5.5875670756933e-10
1.4047546237350161e-08
1.0392877669573863e-09
1.3384731545329487e-08
1.0592740018466884e-09
3.7125384988456744e-09
3.913399604371648e-10
5.060729058037339e-10
2.2996382575968255e-09
1.3886395366924376e-09
1.7538795304972155e-08
2.712219338008026e-09
1.0106759873451665e-09
3.2595435239812787e-09
3.1682489964879323e-09
8.488095781800098e-10
5.517792889264683e-10
2.8242732597050235e-09
7.722230632722926e-10
4.038252399141129e-09
3.4768454781897162e-09
5.5717328528714916e-09
4.823628607653063e-09
6.478678704624485e-10
1.950496431035731e-09
8.640996806974499e-10
9.09613984134694e-09
1.3026436596064173e-09
1.2991960396391278e-08
2.964107015390738e-10
1.3189671577151785e-09
9.966745651013298e-09
1.1403771260631856e-09
2.1947994355286937e-07
8.321220157370135e-09
5.3051358861466724e-09
3.041618623633724e-10
6.2321707794410486e-09
1.501728341679609e-08
1.9383490368340972e-08
1.409115046868692e-10
1.0207878098356105e-08
2.0404125056217026e-09
9.088494401510161e-10
8.931102968290361e-09
1.862834775323563e-09
5.4970410445776e-09
2.1478081535519777e-09
1.809755900694654e-09
5.544763759246507e-09
1.3969751577747047e-08
2.1344387590715996e-08
1.637258773001804e-09
6.698787746728385e-09
9.378315013464089e-09
9.954490565178276e-10
6.605402447235065e-09
4.4873840754355854e-10
6.937173502308269e-09
2.4911412932482335e-09
3.590245434281769e-09
4.408501563801792e-09
1.0810887296486271e-08
4.309185897000134e-09
1.4598661168818694e-09
5.867080155042004e-09
2.1333637079123946e-09
3.1399038924462275e-10
8.775288939943948e-09
1.08520015196234e-09
5.376977751936352e-10
5.446526785135575e-09
1.915141156771938e-09
5.153628079845873e-10
2.231411055930721e-09
1.3147890554066066e-09
2.7910003197462174e-09
1.2553591499653294e-09
1.46926815158821e-09
4.3930339366227145e-09
1.3093969242206072e-09
4.882038329157012e-09
2.905094831362476e-09
3.3612392869031282e-09
2.6972102329381187e-10
6.73321842725727e-10
3.7440323064075187e-10
2.665822407266205e-08
1.1744500927335366e-09
3.823333205588142e-09
3.1391254040613603e-09
1.685302741805117e-08
8.01193067445638e-09
8.9360820965112e-09
1.7888696746126698e-08
4.8116266526676554e-09
4.843469625370744e-09
2.371174367965523e-09
7.697924075955598e-09
1.4182042207266932e-09
3.419316030317532e-08
2.314495972655095e-08
2.754686034833753e-09
1.7730165113860608e-09
3.3274525357285256e-09
1.9805401763051123e-09
7.143388103258985e-10
1.3340532012406925e-09
5.579955608681075e-09
5.7879739889799e-10
9.717121329799738e-09
2.898821405139529e-09
1.679933081533136e-09
1.8319918915210565e-09
4.990701740759107e-10
1.2698242457531705e-09
2.883496552641418e-09
4.3654386772118414e-09
1.4942871828793614e-08
2.487441141951763e-09
3.152181848875557e-09
3.311937391003994e-08
1.0461766564162644e-08
1.4681257320958707e-09
1.199515153871289e-09
5.144810355517393e-09
1.5169221434518931e-10
4.804916464706821e-10
4.324513191988899e-09
2.8977204635793896e-08
7.153987180430477e-09
5.062316787984855e-09
7.66904140192537e-09
3.953884331053814e-09
1.5724294755159463e-08
4.0328201889039406e-10
9.214081719832734e-10
5.125067592537391e-10
8.492865966047702e-09
1.5811053577508005e-09
2.513311869734025e-08
4.4024437428902274e-09
7.07445257930317e-09
1.0523005578022548e-08
8.099824699847602e-10
1.2942973359741927e-09
1.4573641182735741e-09
5.7760729532674304e-09
3.948718685364838e-09
7.1498824638638325e-09
3.14238457477245e-09
2.7050712780862796e-09
2.2420190148864094e-08
3.3713443148286615e-09
1.4551141402918688e-09
2.9722976080392982e-08
2.1469803712648172e-08
5.358806287603102e-09
2.3955100125760964e-09
3.2209605649313744e-08
1.2203451582593061e-08
4.107842954681473e-10
5.067512187650891e-09
1.9525078776005955e-10
1.1342821792936775e-08
2.5785662494115513e-09
2.7858643392164595e-08
4.8164747745715886e-09
2.8128943618810354e-09
3.695446793017254e-08
4.776880668799777e-09
5.220055943055968e-09
1.7751946579380729e-09
3.852266505788293e-09
3.520369995513306e-09
1.1762395502046274e-08
5.857072160608823e-09
1.0026504071447562e-09
2.7704782912252313e-10
1.694679507835417e-09
2.797052589542659e-09
1.1273407096723531e-08
3.950582083689369e-09
9.704836401169814e-08
7.65899876853382e-09
1.997138676657073e-09
3.2557649909392694e-09
6.502883564962758e-09
2.6161899313592585e-09
7.457919837250415e-10
4.37145608600531e-09
6.918857153870306e-10
3.1624186602741133e-10
4.828641930743061e-10
5.618662202167002e-10
5.499199318137471e-09
1.8657390299381404e-08
6.4249090492296546e-09
4.143406950873896e-09
6.555981313383086e-10
1.883035061212013e-09
6.254370354952243e-10
1.15414264811875e-08
2.8841848020988436e-08
4.213552173837343e-09
5.08408537491789e-10
2.283067734865085e-09
2.8872746415942174e-09
2.648292030116295e-09
8.765028702839572e-09
2.0798667232924117e-09
1.7178394262629126e-09
3.404023729558503e-10
8.98960106354707e-09
6.3938516703387904e-09
2.6203812453218234e-09
8.831780640150555e-09
1.7257781870227973e-09
2.932997844595775e-09
5.741276787318839e-09
1.5192371805028415e-08
2.3039412599956677e-09
7.213583619325448e-10
1.1349260420345786e-09
5.411469494731591e-09
1.3513101748685585e-07
8.141373797343476e-09
2.787974517914904e-09
1.0321069554564133e-09
7.97970578503282e-09
7.543359714645703e-09
1.9445234311632476e-09
2.519481734353235e-09
1.3428241851798361e-09
5.7909352868534825e-09
1.386572190398283e-08
8.399234197042915e-09
2.359865902690217e-08
8.700037912312553e-10
2.12526174436789e-09
5.818492798681518e-09
1.1844458747134468e-09
1.5428028854458375e-09
5.930186475211485e-08
2.1211785661279237e-09
6.286331455385152e-10
2.4326668679464092e-08
2.083671901687012e-08
4.5618109290046505e-09
2.3478474719951237e-10
5.359647836655768e-09
1.1486327444742983e-09
4.296000499781627e-10
6.7315801821621335e-09
1.0344051171173874e-09
1.2483970124321786e-07
1.1583907166823337e-09
9.555884084022637e-09
4.94824181629383e-09
1.0599586763859747e-09
1.9337980106115538e-08
3.4904490409104483e-10
5.071069786311e-09
4.3849182063127046e-09
1.1425726142988424e-08
