8.753286429019624e-10
1.951693390234155e-10
3.3543473554331626e-10
5.60442969810282e-10
1.898363584384999e-11
2.8046681643800753e-10
3.670231341068586e-10
4.8125832208256725e-09
1.7774726135399987e-09
6.252436901554859e-10
2.831258782975965e-09
1.1043286285428167e-09
1.4485679322717715e-09
2.067813142936359e-10
5.228731891904204e-10
7.503685450771513e-10
1.6077869591235583e-10
7.298878168526812e-10
2.894223194438439e-10
2.8316909927994516e-10
3.693169103868854e-10
1.0508584002977273e-09
7.828454551273012e-10
4.845908119222031e-10
3.786322644305784e-10
5.105550426875993e-10
3.9029883491803474e-11
5.55565415893966e-09
7.247944466826084e-10
2.166228862954256e-10
6.166367971793818e-10
8.871263723619904e-10
2.3862242737315853e-10
2.9867863737820244e-10
1.4866121667012067e-09
2.038423874139994e-10
9.264515821172381e-10
6.19280404734468e-10
5.316506679342581e-10
1.1183302062178768e-09
1.6477661457514614e-09
1.0027859098649117e-10
2.0723867066863022e-10
8.977288912248582e-10
3.393411107666111e-10
6.020969278708321e-10
2.2604202953857566e-09
3.982413065983792e-09
2.9560487391222523e-10
5.327626340090319e-09
1.370348695628465e-10
5.42958455973519e-11
1.2023118056703197e-09
5.83239637141908e-11
1.121564785488971e-10
3.760135258712438e-10
2.2330573501427864e-10
1.0186126941924556e-10
3.46615691704244e-09
7.772812393724848e-10
2.439484725336172e-10
3.324306663277099e-10
2.2135677735235504e-09
1.1190059989729662e-09
1.1058177706857464e-09
7.663848722305744e-11
2.536053866908361e-10
3.3939731580723276e-10
4.041210144301033e-10
5.719455131725226e-09
7.873061091956401e-10
3.3953528877361805e-10
2.7716420825107946e-10
1.300455854114091e-10
2.21373142039738e-09
1.9815490914787404e-10
3.819694005535723e-10
2.7954598635915318e-09
3.8694847326326e-09
9.979806980808803e-10
1.6536605418338013e-10
1.6324178120363797e-10
2.343947813621128e-10
2.724739323056724e-10
5.771212396865621e-10
1.971855734250738e-10
9.454223515170668e-11
1.9316716282080648e-10
2.9380993193939275e-09
1.3459341974275674e-10
1.6708187056124757e-09
3.306731832797283e-10
1.1567031360515401e-10
2.793399955791642e-10
7.015370229179752e-11
1.0288456753215769e-09
2.4463980841105126e-10
8.254082972669607e-10
4.705700273888169e-10
6.57024545880347e-10
9.116869481573531e-10
2.2548733713545488e-10
4.49936921054217e-10
3.082079036431651e-10
3.6801398040076094e-10
1.0241349990280924e-09
8.567139220261311e-10
1.0142620077147058e-09
9.366486475315128e-10
7.711412758348857e-11
2.190306602756209e-09
3.153920236087515e-09
4.35734948123212e-10
2.6756288851181864e-10
3.1017290957890964e-09
3.3785368946936956e-10
1.3091036588086524e-10
9.786708110581799e-10
6.613499192731354e-10
1.0889553703208321e-09
4.525803620758495e-10
6.662294049775142e-10
1.2197830523419384e-09
1.8187164274596768e-10
2.2653633136027196e-10
8.731375344961378e-11
1.4955617300138613e-10
5.779943745842786e-10
6.917435374509395e-11
3.937791481778419e-10
1.7419095055259959e-09
5.465580765751099e-10
9.8944588633465e-11
2.97100510859849e-10
5.027779304001001e-10
8.428469727705945e-11
1.9180887989023176e-09
1.3761776440635032e-10
1.7941058638726304e-09
1.9400020478954616e-10
4.870825964786718e-10
7.205787355690774e-11
7.002595031613268e-11
3.0304561637883864e-10
2.70887645648088e-10
2.3567630069720735e-09
4.0787323518642893e-10
1.4197773512414358e-10
4.667851660755673e-10
4.175923773441781e-10
1.1674168576281119e-10
7.790956768616297e-11
3.738557796673092e-10
1.3254317088318146e-10
5.757601062583717e-10
4.739724168700832e-10
7.459016737598745e-10
6.50843046123839e-10
9.143165391467534e-11
2.7012486691901927e-10
1.5528155150601464e-10
1.2165483065373905e-09
1.72595909786466e-10
1.7360126669530018e-09
4.856167898359409e-11
1.886517747573535e-10
1.3225416317652616e-09
1.6060751339974644e-10
3.263386716412242e-08
1.1398098020976022e-09
7.111454758401692e-10
4.0537174311738866e-11
8.34481872491466e-10
2.082377825729509e-09
2.6352702242604664e-09
1.0641978270831132e-10
1.3796646047836703e-09
2.715195013269778e-10
1.2320730546910852e-10
1.2068525068187341e-09
2.5099841649556254e-10
7.563887294281813e-10
3.3594510506773645e-10
2.482330452302506e-10
7.320161143908877e-10
1.894026047111197e-09
2.9349280783463882e-09
2.2408408462126772e-10
1.9248933558202452e-09
1.2563979856494711e-09
1.3508710816623193e-10
8.777370497092818e-10
7.299803123084203e-11
9.189259353448165e-10
3.556016869854517e-10
4.853557555861698e-10
5.80378800574266e-10
1.5537313657887353e-09
5.738379216246869e-10
2.2035716307211572e-10
8.437079368484035e-10
2.8345414904151767e-10
5.4446294694976416e-11
1.1953451561907968e-09
1.4888965060855242e-10
1.5766897509816857e-10
8.292024844536172e-10
2.6202012781695316e-10
7.917450722816355e-11
3.0727267952279647e-10
2.0694285174371885e-10
3.97138294472299e-10
1.883683348191667e-10
2.79488765464464e-10
5.936170999198964e-10
1.7160912968439135e-10
6.431288834818361e-10
4.5400458392741427e-10
4.4423487111089344e-10
5.20846560325694e-11
8.92083351633488e-11
7.284105263405394e-11
3.7234166860855566e-09
1.723700210343182e-10
5.042742334815387e-10
4.105661921549597e-10
2.29695951148301e-09
1.0722122079087626e-09
1.1995264781461401e-09
2.411208788188901e-09
6.393910956248305e-10
6.440896149761954e-10
3.138775350741696e-10
1.05026520813567e-09
2.0150039969912825e-10
4.676521392354971e-09
3.134399850779346e-09
3.6684846826950945e-10
2.337166016275205e-10
4.4881517946571137e-10
2.8855773326341705e-10
1.1322286858073127e-10
1.8048740280107722e-10
7.405600022103442e-10
1.3122156139466767e-10
1.3238123930392476e-09
4.210943260751776e-10
2.4972443557480517e-10
4.983140566849897e-10
7.680645702778932e-11
4.6160103517323137e-10
3.936868053777687e-10
5.986335316343627e-10
2.038148982919097e-09
3.345269339316559e-10
4.164716349563946e-10
4.530458674878446e-09
1.4318384256029049e-09
1.9476578683175205e-10
1.654208575674332e-10
6.926013096375527e-10
2.5101018485962356e-11
6.70087041410028e-11
6.45396291965028e-10
3.958049887842208e-09
9.566791803194974e-10
6.696186938270898e-10
1.075691202778728e-09
5.447672868363895e-10
2.1167401165200772e-09
7.718471695117302e-11
1.919807229855408e-10
6.8849981271768e-11
1.1745558969877834e-09
2.3040366836646342e-10
3.408469062549102e-09
5.830662619388249e-10
9.875738005149515e-10
1.4402530279511438e-09
1.1351175555063264e-10
1.82034165518985e-10
1.9992911493016408e-10
7.692140258086511e-10
5.712511019773103e-10
9.790658284103415e-10
4.4948747501827313e-10
3.6154965132872974e-10
3.192264230733599e-09
4.5399775605581283e-10
2.08484604580228e-10
4.106147422078266e-09
2.9395501588425077e-09
7.094139720109638e-10
3.294485240168399e-10
4.489511429284221e-09
1.7681536235159001e-09
1.576553332327535e-10
6.967196819473997e-10
5.818187598372049e-11
1.518575043490955e-09
3.5356212402248843e-10
3.799573100593534e-09
6.439466737617749e-10
3.7203998215495915e-10
5.0893742553626e-09
6.304539112989005e-10
6.976348387865983e-10
2.354404726734316e-10
5.561839322432149e-10
4.73556860391966e-10
1.5982588585927715e-09
8.332670664579211e-10
1.4990673979919933e-10
6.028109955646954e-11
2.2990738479666817e-10
3.825543493096717e-10
1.5035810374541825e-09
5.45712919297614e-10
1.3838143075872722e-08
1.018746753622679e-09
2.61197230511101e-10
5.997794483292296e-10
8.924444516722474e-10
3.4971800455529944e-10
1.0387046778248532e-10
5.785943946179373e-10
1.64895902488027e-10
8.462983092094589e-11
7.707501303855224e-11
9.12392522645078e-11
7.433546000967794e-10
2.5593887009733862e-09
9.636591524753158e-10
6.472660740719505e-10
9.367247949532143e-11
2.7053792539533106e-10
8.186766542461754e-11
1.5580958745431417e-09
3.938693815541683e-09
5.532899693960758e-10
8.075840690624503e-11
3.006670468153061e-10
3.923538161032525e-10
3.5111336060822396e-10
1.1701949409470558e-09
4.40681213742522e-10
2.3089234690854e-10
1.5258479202362452e-10
1.1901775121003766e-09
9.67025792775189e-10
4.1359987656974795e-10
1.1984655490238083e-09
2.496497175652479e-10
4.098724692980227e-10
8.608398438525455e-10
2.113406116777128e-09
4.880268411611155e-10
1.7509012295580106e-10
1.6834515725872023e-10
7.491748332810744e-10
1.960755824370608e-08
1.087579915015624e-09
3.679417603930091e-10
1.3671241916313193e-10
1.0569020103545768e-09
1.0006936390638543e-09
2.8629648651801176e-10
4.191319513680014e-10
2.542855370712971e-10
7.749805241985541e-10
1.922148218369557e-09
1.1633314311865206e-09
3.199198239656198e-09
1.1549453060588633e-10
6.385533213304484e-10
7.82041043034809e-10
3.5726460678731087e-10
2.10009398760036e-10
8.278123964089446e-09
3.179131402575308e-10
8.714242522023241e-11
3.3015463696273173e-09
2.8266762264195222e-09
8.890559954899402e-10
6.957018988673624e-11
7.157852088823802e-10
2.0437021519548182e-10
6.188620449432136e-11
8.960717723383027e-10
1.4272788506630718e-10
1.805140925625892e-08
3.286201311070158e-10
1.2891083756016997e-09
8.088668623784656e-10
1.492946877235113e-10
2.6328561553157215e-09
4.8112982348191835e-11
6.89733381520341e-10
5.906086730789184e-10
1.5245715800915605e-09
