2.689437561542718e-09
6.003136876486792e-10
1.033933827443434e-09
1.7188310774685078e-09
5.6957414479308355e-11
8.453037714239997e-10
1.1202361260842508e-09
1.454490305974332e-08
5.430967231490058e-09
1.92160598544433e-09
8.61587690081933e-09
3.3823859268977685e-09
4.420369403845825e-09
6.362077531463228e-10
1.6098182786805637e-09
2.304354485005433e-09
4.954312515792481e-10
2.2348480843703555e-09
8.877151236319492e-10
8.528585060396665e-10
1.138202199157945e-09
3.220152589022973e-09
2.397949394605803e-09
1.4658394498212601e-09
1.1139971167750673e-09
1.5720831303411842e-09
1.1616664574720659e-10
1.6756455778477175e-08
2.227750428573927e-09
6.678118613656636e-10
1.8968524528872877e-09
2.7216253695172554e-09
7.349759689745383e-10
9.112413046352685e-10
4.527233254947305e-09
6.273180863658467e-10
2.837472479200187e-09
1.899398638371963e-09
1.61784818875077e-09
3.4272247262379096e-09
5.0400519313598124e-09
3.0915459081626295e-10
6.343538472286525e-10
2.7380835376789037e-09
1.031380536531401e-09
1.8511857602376836e-09
6.888781545200118e-09
1.1957085988001381e-08
9.082349872180373e-10
1.607933697300723e-08
4.184343704860538e-10
1.6555498638659571e-10
3.682631088963717e-09
1.7824872133864744e-10
3.421349314969291e-10
1.0950296225331613e-09
6.868750013211411e-10
3.1150998447415645e-10
1.0513570458670074e-08
2.3737307675020247e-09
7.504689647497287e-10
1.0244296522188279e-09
6.7531331637837866e-09
3.416060767591489e-09
3.3902223250947827e-09
2.3092207313002433e-10
7.820055714091723e-10
1.0311211884328486e-09
1.2450788178242078e-09
1.7242991035004707e-08
2.39795783230079e-09
1.044494379875971e-09
8.536946149995117e-10
4.0058512063012586e-10
6.735251467659964e-09
6.089839188483381e-10
1.1727936399807959e-09
8.50025028142909e-09
1.1730128868236989e-08
3.057009312357195e-09
4.968737088439923e-10
5.02982655525841e-10
7.146332414720291e-10
8.356283442978452e-10
1.7682241226779638e-09
6.012072506500488e-10
2.8717433986358287e-10
5.911454659113247e-10
8.935989725955551e-09
4.08836658971623e-10
5.108028222622352e-09
1.007801841979017e-09
3.5462291436694215e-10
8.459665745697009e-10
2.14807560627861e-10
3.1499856056882436e-09
7.478813124350836e-10
2.5285673554975574e-09
1.448313358132225e-09
1.9852213206661418e-09
2.788027808620086e-09
6.832589494187857e-10
1.3848906466051858e-09
9.302548731326965e-10
1.1325962390174027e-09
3.1083180473956418e-09
2.6305733147324872e-09
3.1101579089920506e-09
2.8766264925650376e-09
2.2588619863483927e-10
6.6814305199613955e-09
9.586134552819203e-09
1.3371993512478753e-09
8.230944814613395e-10
9.394734767909085e-09
9.618540408595777e-10
4.023877897552097e-10
2.990424352589116e-09
1.910753777423224e-09
3.3413238842427972e-09
1.3879416504991582e-09
2.0295760627675463e-09
3.7384575435339684e-09
5.608972175608073e-10
6.935678698027914e-10
2.680897170925789e-10
4.481084669993862e-10
1.7745649394385055e-09
2.1083740309180143e-10
1.201825305940929e-09
5.310224704402344e-09
1.6778266553885146e-09
2.9207336549319507e-10
9.150494806320353e-10
1.5479516557448392e-09
2.5634999678558756e-10
5.8496474331093395e-09
4.2387243714969713e-10
5.4826707618360615e-09
5.804660085928504e-10
1.5000508613027819e-09
2.155504247314255e-10
2.1458101961968623e-10
9.336694750672336e-10
8.057792211246806e-10
7.1856645078582915e-09
1.240406000135863e-09
4.348739701676152e-10
1.4258236813446956e-09
1.285927919703056e-09
3.5823066735218845e-10
2.38345176928334e-10
1.1510142838844217e-09
3.988278873823248e-10
1.7585252143348384e-09
1.4545649129615867e-09
2.290013512151745e-09
1.9976265086540934e-09
2.798033194029159e-10
8.28431434563015e-10
4.6545403642461736e-10
3.7272496200557725e-09
5.316267426280774e-10
5.3076858463896315e-09
1.4648812718398574e-10
5.769031918845258e-10
4.052801649834237e-09
4.918450646762551e-10
9.482236862368154e-08
3.4857650099695547e-09
2.1834065666581637e-09
1.2445416919248942e-10
2.560846201760114e-09
6.33814201123073e-09
8.01992694476894e-09
2.988019554006627e-10
4.2201904193461814e-09
8.358608249992017e-10
3.7860625745622656e-10
3.694333727821686e-09
7.718214400931345e-10
2.3161517148651e-09
1.0182693577220903e-09
7.620341579972489e-10
2.250358344113579e-09
5.780327327897794e-09
8.915074900528452e-09
6.880785941021372e-10
5.459078522562777e-09
3.848113827586985e-09
4.151023969001244e-10
2.694878320497196e-09
2.2053317505488224e-10
2.8215667580155923e-09
1.0870931932416283e-09
1.4905970902034937e-09
1.7859876910719663e-09
4.721772306481853e-09
1.7640727767442854e-09
6.704632404819222e-10
2.5715074514209846e-09
8.726938061087708e-10
1.6354398391094094e-10
3.656620117808984e-09
4.5706888274210655e-10
4.570773204370937e-10
2.5132549374973223e-09
8.045227817277123e-10
2.4039628621075337e-10
9.427504332748526e-10
6.272778962923553e-10
1.2142196137432393e-09
5.734858143924271e-10
8.330048872906559e-10
1.8222285902425028e-09
5.291377891403215e-10
1.978355035348045e-09
1.3753140848393741e-09
1.3674555932041699e-09
1.5517770401984876e-10
2.746161908984135e-10
2.1700605201679934e-10
1.1269481348108457e-08
5.258536939223291e-10
1.5521144369756712e-09
1.265239357728376e-09
6.996839552186884e-09
3.286954708414669e-09
3.674196058511825e-09
7.348551100960776e-09
1.9653485505699564e-09
1.97961447234718e-09
9.66594915219332e-10
3.214348343050233e-09
6.165723487328023e-10
1.414170469615783e-08
9.526486266508982e-09
1.1288378010121392e-09
7.202036189646321e-10
1.3789016595211478e-09
8.806679274719897e-10
3.429886374917146e-10
5.548350667794466e-10
2.2754571560312797e-09
3.8667194446340147e-10
4.047384205563276e-09
1.2847760633150074e-09
7.608238483669538e-10
1.4411098980815495e-09
2.33158381490739e-10
1.3124272779663215e-09
1.2084390155209235e-09
1.835035234876159e-09
6.213691783329978e-09
1.0285660101416738e-09
1.2821984585187352e-09
1.3705157897447862e-08
4.373895468035016e-09
5.998451735322874e-10
5.075916909014211e-10
2.1258224069953258e-09
7.545221392124546e-11
2.0516535692571836e-10
1.9618000557386495e-09
1.1993376958230328e-08
2.9345152974258326e-09
2.05881334203184e-09
3.283163074740969e-09
1.669586913166654e-09
6.458541257359229e-09
2.302342066995422e-10
5.686607851274061e-10
2.115572855787562e-10
3.588253028041777e-09
7.03306191063291e-10
1.0349687329380686e-08
1.7932577645041192e-09
3.016755290019546e-09
4.399442588010061e-09
3.476979815175696e-10
5.575452322048591e-10
6.13790684944604e-10
2.3624464606797346e-09
1.7423333886767978e-09
2.9963591607895523e-09
1.3732515125042255e-09
1.1121787935053362e-09
9.658720045990776e-09
1.3950040012034037e-09
6.374364369676755e-10
1.2426667694853677e-08
8.932174999642939e-09
2.1805823813281222e-09
1.010827088698818e-09
1.3563789202919452e-08
5.3647575271043024e-09
4.509887463477469e-10
2.134195042913234e-09
1.6890658316448537e-10
4.6462464986518626e-09
1.0850180753863015e-09
1.1519515119573498e-08
1.978203822972091e-09
1.145522010581601e-09
1.5367330519211464e-08
1.939161498043518e-09
2.1426560525839022e-09
7.250922084978129e-10
1.6968311200571407e-09
1.4551185811839673e-09
4.882242166104334e-09
2.542477783862296e-09
4.5653980595972143e-10
1.781749470186611e-10
7.065422691354684e-10
1.1741285721456052e-09
4.60209337305173e-09
1.6720678175374815e-09
4.1048384247233116e-08
3.1254825394455565e-09
8.05426947358967e-10
1.7874395297212686e-09
2.731749937368022e-09
1.0758220980733313e-09
3.1831651203795275e-10
1.7796464302222148e-09
4.840208789325118e-10
2.4700846923408903e-10
2.3324248088485433e-10
2.7576779748628155e-10
2.2801847077147386e-09
7.785116551417559e-09
2.9232496423503562e-09
1.9587069743920438e-09
2.8634530857551965e-10
8.268172813075125e-10
2.522763109524817e-10
4.763020200471146e-09
1.1935552990394172e-08
1.703254204343807e-09
2.4450799718245264e-10
9.264058409286235e-10
1.2048909647788264e-09
1.0809418915513902e-09
3.5865117542499547e-09
1.2995673426274834e-09
7.101936261300068e-10
4.3382075709530454e-10
3.6500193978383777e-09
2.9309696891743897e-09
1.2520308123598056e-09
3.6673943881737614e-09
7.625372555608578e-10
1.255247683573657e-09
2.6127011665266764e-09
6.4299885416119196e-09
1.4384341495699005e-09
5.132300695542824e-10
5.130737501524152e-10
2.292804390791048e-09
5.770695921114566e-08
3.3343627858783975e-09
1.133153904042672e-09
4.210685966565819e-10
3.2431561880486015e-09
3.0710622933582954e-09
8.729117983996559e-10
1.2625314127490128e-09
7.583580430292614e-10
2.379034746979869e-09
5.853895146401555e-09
3.5536302789296315e-09
9.720743321395275e-09
3.5559130640017145e-10
1.8301491433447836e-09
2.3996804543457984e-09
1.0290415186631208e-09
6.452067768947245e-10
2.4804174714176952e-08
9.675584777824042e-10
2.6710028633303295e-10
1.002778038383667e-08
8.598544987137302e-09
2.6298971889104905e-09
2.0199975026002903e-10
2.198351500837248e-09
6.129144969335698e-10
1.888833534025025e-10
2.7505060451460395e-09
4.379090423611842e-10
5.3228653484893584e-08
9.506947451498604e-10
3.945342719191558e-09
2.434682011553946e-09
4.5718445695897003e-10
8.011717511635652e-09
1.473337563062671e-10
2.115016606296649e-09
1.813567518382797e-09
4.665764663513983e-09
