1.2135077387398496e-09
2.704518275997714e-10
4.652541685246092e-10
7.762297471458623e-10
2.6098317951195327e-11
3.861264363802519e-10
5.074140552174811e-10
6.647311590057825e-09
2.461103987272395e-09
8.666637407728217e-10
3.916977409090805e-09
1.5296032218614641e-09
2.0043620096998893e-09
2.8657493045258775e-10
7.251238498540147e-10
1.0399565653074205e-09
2.229199325132214e-10
1.0105304371066381e-09
4.007382481407973e-10
3.897622780080212e-10
5.122478552443965e-10
1.4557187677510797e-09
1.084049405797316e-09
6.68087030142317e-10
5.17428988544566e-10
7.080600550324334e-10
5.3505182923130334e-11
7.670055701680667e-09
1.004790584069326e-09
3.0042085485959547e-10
8.54991855092635e-10
1.2292308282368936e-09
3.3084152084583707e-10
4.1283265694858073e-10
2.055631664887869e-09
2.825238099024574e-10
1.283017914133211e-09
8.577930032949155e-10
7.344254093766267e-10
1.5493237803809734e-09
2.2821868839173476e-09
1.390468157280722e-10
2.8671856555639863e-10
1.241467928458917e-09
4.684808097010773e-10
8.346702218275937e-10
3.127853531736946e-09
5.4865862963993095e-09
4.095374039891908e-10
7.356442566219812e-09
1.8941745394407405e-10
7.501076149107888e-11
1.6654744250388376e-09
8.063645584588386e-11
1.5497415850607155e-10
5.122510193800167e-10
3.094574319018051e-10
1.408626965071491e-10
4.791122609759668e-09
1.075247113568878e-09
3.3808966737325363e-10
4.6104747797315326e-10
3.064121179008339e-09
1.5482040094383365e-09
1.5321870439066743e-09
1.0547061835008975e-10
3.5175840018553117e-10
4.684950205557925e-10
5.604883779319891e-10
7.895390119472268e-09
1.0881641143711818e-09
4.706239842278137e-10
3.8430192361715854e-10
1.8027786208296703e-10
3.061365827505824e-09
2.7451274586809404e-10
5.291296290010905e-10
3.866237996419386e-09
5.3485296191979614e-09
1.382233216773443e-09
2.2740348493144324e-10
2.263300519222966e-10
3.238792567472615e-10
3.7724678936257305e-10
7.990761385912037e-10
2.724528103126289e-10
1.3045095559327535e-10
2.672244647783373e-10
4.064176550855336e-09
1.857252129866538e-10
2.3137360916081207e-09
4.5691828098881615e-10
1.6009354952828403e-10
3.8516762002061e-10
9.705174858209986e-11
1.4247744095641224e-09
3.383394675537943e-10
1.1430705271209263e-09
6.524726314793838e-10
9.056397298756735e-10
1.261904691851612e-09
3.109457136218907e-10
6.238599636887443e-10
4.245294671356703e-10
5.101934430484789e-10
1.4141168236392332e-09
1.1874115024568255e-09
1.405317862079869e-09
1.2984012753847196e-09
1.0518758086774938e-10
3.0317495181009235e-09
4.362179506500752e-09
6.035470456744463e-10
3.708269802338293e-10
4.284535393139777e-09
4.571484857329722e-10
1.8134681256665175e-10
1.3543203225552247e-09
8.990770350436605e-10
1.5092527227977826e-09
6.26747820309248e-10
9.207796747290331e-10
1.6900717492163153e-09
2.5224566879700205e-10
3.1344771223018597e-10
1.2090288492583312e-10
2.0547399892656415e-10
8.008462226705149e-10
9.555244095960091e-11
5.444109052454849e-10
2.4098809614514494e-09
7.572288351909151e-10
1.3529292963720962e-10
4.119489471765547e-10
6.972385446779583e-10
1.1634542634864076e-10
2.65427457790679e-09
1.9077144031154347e-10
2.4843092027992952e-09
2.664372611427268e-10
6.755256909407592e-10
9.89371362614122e-11
9.689958557768108e-11
4.202435066602561e-10
3.7139233355354406e-10
3.261912073782014e-09
5.632477262373925e-10
1.9645167437243316e-10
6.455744272493291e-10
5.790804502581182e-10
1.6162499116845197e-10
1.0775025316434039e-10
5.183640183759053e-10
1.8234148912998904e-10
7.963558701362672e-10
6.565437082883818e-10
1.0336635991592402e-09
9.017601110272722e-10
1.2646639291347128e-10
3.739943077452068e-10
2.1336972466645676e-10
1.685376727067478e-09
2.3927579362315043e-10
2.404188848004196e-09
6.685588888055705e-11
2.6091298566122134e-10
1.8325120310080933e-09
2.2222193529763956e-10
4.463186442649203e-08
1.577965758059463e-09
9.854794758012986e-10
5.613213713284715e-11
1.1563421331572954e-09
2.879909644093459e-09
3.6454905760763268e-09
1.433604762679508e-10
1.9105099724470165e-09
3.7640354721979463e-10
1.7065836244167798e-10
1.6714210016033348e-09
3.4781297286734514e-10
1.0472714917497683e-09
4.633800010367395e-10
3.4378538904533684e-10
1.0148751838912062e-09
2.6215889459280106e-09
4.0578997939633155e-09
3.103564627515709e-10
2.603965265635111e-09
1.7404432339773734e-09
1.8711529548021133e-10
1.2165352059057e-09
1.0054544002935373e-10
1.2737098042947537e-09
4.918730422964757e-10
6.724885648345946e-10
8.047904009877982e-10
2.1470263344980367e-09
7.954344405369795e-10
3.042735507996497e-10
1.1664382792986316e-09
3.92969518037134e-10
7.48546918893922e-11
1.655078629703155e-09
2.0617099694142382e-10
2.1442508879587763e-10
1.144279559994743e-09
3.629116729353399e-10
1.0923024984510477e-10
4.255074625980626e-10
2.8539626217849445e-10
5.493770438569356e-10
2.601425463932827e-10
3.83425402539217e-10
8.224599334916149e-10
2.37991348850386e-10
8.917526161944522e-10
6.261913210181547e-10
6.159672771843816e-10
7.142217373079518e-11
1.2363324253250596e-10
9.988349036760269e-11
5.143301784471532e-09
2.3820170835797683e-10
6.992452172838171e-10
5.694799631861258e-10
3.1779452402957986e-09
1.4855429109061902e-09
1.6616277243031163e-09
3.3368539043010514e-09
8.863285660964948e-10
8.928186523426973e-10
4.352025129161774e-10
1.4542731463507153e-09
2.787448327712383e-10
6.460420642895315e-09
4.3350736333991335e-09
5.085504795054874e-10
3.2408906114334e-10
6.219127990370055e-10
3.9888339853355603e-10
1.5609384618198163e-10
2.500527007676112e-10
1.0265448491253437e-09
1.793406534389419e-10
1.8327828144037994e-09
5.82131565174393e-10
3.449877605810059e-10
6.775340843923061e-10
1.0595604255092539e-10
6.24444385088907e-10
5.453191787019307e-10
8.290175768088659e-10
2.8202837842883355e-09
4.6359910355064926e-10
5.77482228703019e-10
6.259116780427121e-09
1.9819044183577716e-09
2.7000979230251687e-10
2.2903412499886144e-10
9.59662793675875e-10
3.452385946567382e-11
9.26990567640118e-11
8.913284554878942e-10
5.470268238383369e-09
1.3256126196736773e-09
9.283477320209954e-10
1.4881256227283757e-09
7.543277669164183e-10
2.9300344372984455e-09
1.058819976140768e-10
2.628322837150421e-10
9.535913725322587e-11
1.6255280455013121e-09
3.184874308725938e-10
4.713148094026565e-09
8.083622660137735e-10
1.3665168996368493e-09
1.9935386674774236e-09
1.5705964306889086e-10
2.518891761837949e-10
2.7687405146359367e-10
1.0661296290237487e-09
7.897534293199726e-10
1.3555934152975624e-09
6.216788195345657e-10
5.011470127769257e-10
4.408157394664158e-09
6.291256959833902e-10
2.8833380127935015e-10
5.672684544322237e-09
4.0648009402843854e-09
9.834690839483073e-10
4.5623577138442784e-10
6.199428970177223e-09
2.44231146417917e-09
2.13553411065881e-10
9.647167509285737e-10
7.914222055482867e-11
2.1032713348745347e-09
4.896759664418937e-10
5.251934442895845e-09
8.924688765787891e-10
5.158602434107706e-10
7.0279737585110524e-09
8.741328771932899e-10
9.66857482964656e-10
3.2641556124701765e-10
7.689791026166404e-10
6.562474452742606e-10
2.2125066223566137e-09
1.1524139420515667e-09
2.0703606884442394e-10
8.245501503800767e-11
3.1851243864622347e-10
5.298703698031204e-10
2.082762629029844e-09
7.555746028842236e-10
1.9026758835138935e-08
1.411787908800477e-09
3.622945832226776e-10
8.230903181249971e-10
1.2356440315386408e-09
4.847452994560797e-10
1.4374026968688725e-10
8.021805997238118e-10
2.251090841509651e-10
1.1531300914136011e-10
1.0621887397421759e-10
1.2569092988634623e-10
1.0298188968249633e-09
3.5397387243563116e-09
1.3303279589038652e-09
8.926169803302741e-10
1.2951918704207088e-10
3.7413522280260736e-10
1.1349807205185414e-10
2.157401146618554e-09
5.44360911902686e-09
7.673014446041293e-10
1.1131283395027225e-10
4.169535827713844e-10
5.435544236931378e-10
4.868073721908672e-10
1.6213024256472863e-09
6.026952825699539e-10
3.1997204885669817e-10
2.063096360416239e-10
1.6493850729659698e-09
1.3346090899091223e-09
5.703073013840765e-10
1.65959546105654e-09
3.451725016923035e-10
5.673157499330728e-10
1.1884945250173473e-09
2.9224640485381315e-09
6.673728236705756e-10
2.389285436166233e-10
2.3256399583893028e-10
1.0370845293650177e-09
2.6905222938466977e-08
1.5069022696323486e-09
5.102136491075271e-10
1.8951383518039933e-10
1.4648142698803213e-09
1.3869018156142943e-09
3.95629529137409e-10
5.770266486848641e-10
3.48904877212064e-10
1.0739520384106527e-09
2.658613773576235e-09
1.6099294120053287e-09
4.424388411194968e-09
1.600768129161878e-10
8.660021588724476e-10
1.083583223149276e-09
4.850934653966021e-10
2.9090901909611944e-10
1.1410562272828884e-08
4.390790231401098e-10
1.2059626908200727e-10
4.565506639409023e-09
3.9100420679005765e-09
1.2175263019997828e-09
9.463962946654192e-11
9.920230192861368e-10
2.80889644876936e-10
8.552375474479845e-11
1.241863278877986e-09
1.9760018621362008e-10
2.478190630483823e-08
4.467674286079415e-10
1.7853302169967833e-09
1.113712344569251e-09
2.0656315546929704e-10
3.642003587600584e-09
6.656378226388426e-11
9.55377110756217e-10
8.18377587918917e-10
2.1117785298230274e-09
