3.1437090708408277e-09
7.022534220801901e-10
1.2095626722441466e-09
2.0092876251709413e-09
6.644976235925526e-11
9.864118410973788e-10
1.309069963539855e-09
1.694774454108483e-08
6.341482450267222e-09
2.2467012694704636e-09
1.0051877552541555e-08
3.951868610130305e-09
5.161655103336216e-09
7.442532701240623e-10
1.8826740166844047e-09
2.6937132524551544e-09
5.797035074195378e-10
2.6116941942433414e-09
1.0380127868359068e-09
9.951410806507965e-10
1.3314701563515996e-09
3.762628431047688e-09
2.802309495564259e-09
1.7109456074138052e-09
1.2958920603267643e-09
1.8385870603765397e-09
1.354010237264447e-10
1.9517266025559366e-08
2.604444215847934e-09
7.81379960734796e-10
2.217976247109732e-09
3.180846475103749e-09
8.598592393660454e-10
1.064870192024614e-09
5.285191839732306e-09
7.338762930686471e-10
3.3155762579895054e-09
2.220274408770706e-09
1.8896288977998665e-09
4.0044474403089225e-09
5.886002352184505e-09
3.617951771506256e-10
7.416622316291921e-10
3.1980555981192538e-09
1.2046813546717772e-09
2.1644961378797234e-09
8.03995092724108e-09
1.3925943065373758e-08
1.0621992174719708e-09
1.87307431787076e-08
4.891295146691732e-10
1.9351861779703938e-10
4.3024197537988584e-09
2.0841051107112207e-10
3.9990991074212445e-10
1.272119631856583e-09
8.034853893335026e-10
3.642240675727493e-10
1.2259512516266113e-08
2.773105745035309e-09
8.778643922902063e-10
1.198419141701379e-09
7.88252840777659e-09
3.989797825454389e-09
3.9613974323060575e-09
2.6954166676418367e-10
9.149699886634721e-10
1.2043194219657494e-09
1.456392895171632e-09
2.008236776873673e-08
2.8005526786500923e-09
1.2216579969859254e-09
9.98701454868467e-10
4.687284449467199e-10
7.859640049900918e-09
7.123275302944876e-10
1.371375013548004e-09
9.916480969707209e-09
1.3675460763806768e-08
3.571992257533907e-09
5.796885194087054e-10
5.885324450005669e-10
8.351132563255703e-10
9.771133901992357e-10
2.0667760836090565e-09
7.026011439315027e-10
3.3551161848777156e-10
6.911397010256337e-10
1.0424408003473218e-08
4.776222195523872e-10
5.965050231537816e-09
1.1775277419801e-09
4.1474035317179414e-10
9.877569873140146e-10
2.512052232894746e-10
3.6803695646625556e-09
8.742256363269973e-10
2.954894329221247e-09
1.6938264124632951e-09
2.316561165116582e-09
3.2573077568542885e-09
7.978829819066391e-10
1.6196957108860488e-09
1.0856999743680262e-09
1.3247226648971377e-09
3.6281937454418767e-09
3.074760224208717e-09
3.6344407483568375e-09
3.36222671926123e-09
2.6274007969284696e-10
7.798854007035061e-09
1.1181249703895446e-08
1.5634487038340694e-09
9.627871833117752e-10
1.0954636309179477e-08
1.1140079969607086e-09
4.707271239468014e-10
3.4933151926708206e-09
2.216909766872277e-09
3.9046104127749e-09
1.6226291421617134e-09
2.3705732932199908e-09
4.367851413888957e-09
6.563428134320759e-10
8.108916316196257e-10
3.1360447572126304e-10
5.22628496035793e-10
2.0746462325860193e-09
2.4643331819618197e-10
1.4043650686801357e-09
6.199221580516223e-09
1.9615753465984653e-09
3.4004249416241805e-10
1.0704453989873741e-09
1.8103573085070934e-09
2.9954938529641595e-10
6.828675847003751e-09
4.959664345882686e-10
6.4018896850370766e-09
6.768355875763632e-10
1.7544128372293244e-09
2.51380666282941e-10
2.5096205669150606e-10
1.0922576176852772e-09
9.38773281333738e-10
8.38639735434299e-09
1.4488311661509101e-09
5.085222798406619e-10
1.6661573232212845e-09
1.5040753087447456e-09
4.1900133362915426e-10
2.786999520054678e-10
1.3463101744548567e-09
4.6540699072394887e-10
2.0547268331227997e-09
1.7006129837682238e-09
2.676884935937096e-09
2.3352122457964697e-09
3.271825310680043e-10
9.687015634085583e-10
5.428810179175514e-10
4.354623772684363e-09
6.220174375570764e-10
6.198019431025159e-09
1.7101746407899299e-10
6.744361735755433e-10
4.734741487766314e-09
5.751137899245862e-10
1.097545663242272e-07
4.071930792548528e-09
2.552349220863448e-09
1.4558991512370056e-10
2.9931388478843246e-09
7.3969319558386815e-09
9.357439267887457e-09
3.4553063188447197e-10
4.929289421085059e-09
9.777898490881398e-10
4.42898578922879e-10
4.3158250306873924e-09
9.027909531056366e-10
2.706675106267653e-09
1.1889877971071883e-09
8.911817950263412e-10
2.63090571550606e-09
6.748288150504322e-09
1.0398879979334197e-08
8.047402189070851e-10
6.315006295665171e-09
4.4955843492289205e-09
4.855820190385884e-10
3.1498461616763507e-09
2.574978286151719e-10
3.297847772643081e-09
1.2705836383020142e-09
1.74285963439047e-09
2.088488271212441e-09
5.510867762126281e-09
2.062663817525845e-09
7.833245163624269e-10
3.003362447628888e-09
1.0208736078709535e-09
1.9083104541017804e-10
4.271501374830677e-09
5.346048048693319e-10
5.308320449870507e-10
2.9334730200503145e-09
9.408763768092854e-10
2.808535626286357e-10
1.1023801871345995e-09
7.325573481153924e-10
1.4191282593500887e-09
6.700989207963914e-10
9.707235015810056e-10
2.1303043773457375e-09
6.191749335471286e-10
2.313222946526139e-09
1.6056026508337595e-09
1.5993277813208806e-09
1.8089009456989658e-10
3.2132974059351227e-10
2.5295121552915134e-10
1.313722997053901e-08
6.146015918417902e-10
1.8151711245195656e-09
1.480000122455749e-09
8.165579323815564e-09
3.840789464248928e-09
4.2925831778006796e-09
8.575988807990598e-09
2.297847467858105e-09
2.3144970384691987e-09
1.1307061953402808e-09
3.755371569269528e-09
7.208496022315103e-10
1.6479308584393948e-08
1.1111747078018652e-08
1.3203073079282035e-09
8.426241926429157e-10
1.6123828938674478e-09
1.0291948404628215e-09
4.005807907603298e-10
6.490247783652592e-10
2.660097031537134e-09
4.5004747151189406e-10
4.727364277812285e-09
1.5012008303116886e-09
8.890005398498602e-10
1.6724241991283861e-09
2.723920533576063e-10
1.519576464659167e-09
1.4129970526965963e-09
2.144943778148445e-09
7.253015965602572e-09
1.2029695017901076e-09
1.499681712147094e-09
1.5971837186157245e-08
5.107986034147416e-09
7.018036707329145e-10
5.936542923912214e-10
2.4849926560932545e-09
8.804934559236699e-11
2.3992866027278126e-10
2.2908654973008424e-09
1.3981469315638151e-08
3.429432737789284e-09
2.407126942216564e-09
3.834590422968631e-09
1.951600436811418e-09
7.539110669085858e-09
2.6840948907924655e-10
6.622349335572153e-10
2.4750199112411053e-10
4.1911052406362614e-09
8.219939728881798e-10
1.2069712340689875e-08
2.0968684566469165e-09
3.5239444695633892e-09
5.137779535147047e-09
4.0660241840129174e-10
6.519279560635027e-10
7.178649896744105e-10
2.7616062769908467e-09
2.0354955498902427e-09
3.5008380638856806e-09
1.604783750330796e-09
1.3007864785308243e-09
1.1260898880038894e-08
1.6312259321082934e-09
7.451680383852022e-10
1.4484403010328606e-08
1.0419138440909137e-08
2.5493449573588123e-09
1.1819596412721012e-09
1.5805639463906118e-08
6.259613272163733e-09
5.22819343373726e-10
2.494244144557456e-09
1.962466300575727e-10
5.42663824987244e-09
1.2687042527659287e-09
1.3430390133351011e-08
2.3127322279492546e-09
1.3399005238667883e-09
1.7903285964848692e-08
2.267397380961711e-09
2.504827012472788e-09
8.482892721595192e-10
1.982421338198037e-09
1.7014898379130727e-09
5.701158656279404e-09
2.969843038158615e-09
5.335010766494008e-10
2.0748980311680043e-10
8.264029460747224e-10
1.3728764791665071e-09
5.375296652232464e-09
1.9544457163789275e-09
4.767371564184941e-08
3.6525160673761548e-09
9.4236574099682e-10
2.0823278656934008e-09
3.191918507283731e-09
1.2582854758136364e-09
3.7226891014263686e-10
2.0809776124508517e-09
5.630361732400502e-10
2.871692328376696e-10
2.723898884227083e-10
3.219980948543366e-10
2.66515898239561e-09
9.083326979464346e-09
3.412082616449652e-09
2.286050460043043e-09
3.3478914085449674e-10
9.66435265148391e-10
2.952259825494963e-10
5.562450056117996e-09
1.3914228880196333e-08
1.991864229111684e-09
2.8556085274189513e-10
1.0837710728850425e-09
1.408919203527148e-09
1.2643737168360758e-09
4.190461755371189e-09
1.512130198833006e-09
8.307523002848427e-10
5.024978211309872e-10
4.264849806645543e-09
3.420749017379876e-09
1.4616061694283644e-09
4.284226307049721e-09
8.912641735747684e-10
1.4673362525030598e-09
3.049971830648701e-09
7.503714982703968e-09
1.6735304253501226e-09
5.968956440227657e-10
5.996007024222649e-10
2.6792466023550787e-09
6.693416310099565e-08
3.896179823215107e-09
1.3254701780596179e-09
4.926845043051742e-10
3.789998537229167e-09
3.5890719285447403e-09
1.0200182920527823e-09
1.4729824027170935e-09
8.838308418468444e-10
2.7808531033457484e-09
6.832665988554254e-09
4.15065093406497e-09
1.1337787597653914e-08
4.160686517540313e-10
2.1211015166500147e-09
2.804848131532367e-09
1.1937144606122274e-09
7.546582803108492e-10
2.885727212742495e-08
1.1303388225414324e-09
3.1238656106324925e-10
1.1695060919691969e-08
1.003136773647384e-08
3.060347975036848e-09
2.3469326482228325e-10
2.5698936312323895e-09
7.148652780841758e-10
2.208099536549213e-10
3.2147462469822585e-09
5.121676971420186e-10
6.175941535957463e-08
1.1035197200470748e-09
4.608746273504494e-09
2.839451340719279e-09
5.345919262822463e-10
9.347781215751638e-09
1.7230487869834832e-10
2.4721211744349603e-09
2.1202550826160405e-09
5.449538598156778e-09
