2.298576218251469e-09
5.127532287652059e-10
8.830304265572408e-10
1.469047772317822e-09
4.879319864814491e-11
7.238524779573652e-10
9.578573489932296e-10
1.2468030163859112e-08
4.646330431512524e-09
1.6420328430299946e-09
7.376830257754818e-09
2.8921380845758904e-09
3.78178510729299e-09
5.434007133153784e-10
1.37524491794494e-09
1.9694175179552076e-09
4.2306477765485795e-10
1.9106287663106514e-09
7.58551665924756e-10
7.303868621022502e-10
9.721250471272924e-10
2.7532036650512737e-09
2.050034364486919e-09
1.254845116704928e-09
9.569862680081087e-10
1.342978506180259e-09
9.960903629702145e-11
1.4368925604912874e-08
1.9037387222198277e-09
5.702706085131126e-10
1.6207126751766054e-09
2.3264716819682008e-09
6.277021680212158e-10
7.791551848157496e-10
3.874168097439679e-09
5.357912447045976e-10
2.4260045083934756e-09
1.6234233957135302e-09
1.3839959178696404e-09
2.9303159898574904e-09
4.311196732942335e-09
2.639644613999792e-10
5.421444404518638e-10
2.3421220518571317e-09
8.823149988401724e-10
1.5817661624950574e-09
5.896128030258296e-09
1.0255551963211929e-08
7.759345943547657e-10
1.3786765507006749e-08
3.5769040507283023e-10
1.415343259258961e-10
3.148997507196327e-09
1.5234424832755167e-10
2.9249383470819623e-10
9.419762747597815e-10
5.867036856344043e-10
2.662289000365803e-10
9.006143386613985e-09
2.0300348069213214e-09
6.410263986289522e-10
8.749341251501619e-10
5.7793245744619526e-09
2.9220388331197e-09
2.8985378541790396e-09
1.9770858561418692e-10
6.677920993958253e-10
8.821382513346521e-10
1.0634743086157528e-09
1.4787249646985856e-08
2.051411929215874e-09
8.922523830889872e-10
7.291190429192795e-10
3.420750904759018e-10
5.7656648344561745e-09
5.202114294888815e-10
1.0021048435504554e-09
7.2782957438732865e-09
1.0049952869906065e-08
2.613754324087836e-09
4.2560163726612643e-10
4.29518143274521e-10
6.110617567500753e-10
7.140433799790458e-10
1.5114524076764724e-09
5.14054521172369e-10
2.456302938824706e-10
5.052236407010469e-10
7.651571820588288e-09
3.497072631475362e-10
4.3696029017326055e-09
8.61849813738047e-10
3.02989411338217e-10
7.239848720530517e-10
1.8355021669247407e-10
2.693439471457282e-09
6.392895102180773e-10
2.1617267975670984e-09
1.2372699531582043e-09
1.6998694674086323e-09
2.384123565235541e-09
5.846700901201984e-10
1.1830627588693687e-09
7.96471999464643e-10
9.674875345311307e-10
2.660527576026084e-09
2.2483928052707824e-09
2.6589108692576247e-09
2.458755421486103e-09
1.9409715501517155e-10
5.717971429675117e-09
8.209339874554189e-09
1.1426957158278128e-09
7.030782622763354e-10
8.048228750112685e-09
8.299665954503155e-10
3.437002626949237e-10
2.5575215278905716e-09
1.6457332163710703e-09
2.856457737010487e-09
1.186166054267801e-09
1.7361181381403412e-09
3.1965523561439113e-09
4.789335594779232e-10
5.927472956912538e-10
2.2900784046875344e-10
3.83961057393023e-10
1.5165132483119237e-09
1.8025715642355777e-10
1.0276482997895187e-09
4.544083775925856e-09
1.4338344955788784e-09
2.5072621756550006e-10
7.81539832850342e-10
1.322373210932426e-09
2.1922794135598167e-10
5.0057686884485975e-09
3.619677890753792e-10
4.6905199724278646e-09
4.974834988402677e-10
1.2813987648740977e-09
1.8471486840088147e-10
1.833398433070954e-10
7.97417520903565e-10
6.911576311274814e-10
6.150166154128556e-09
1.0611065359711347e-09
3.716072727311115e-10
1.2191239129322184e-09
1.0984387843748777e-09
3.0603947154261846e-10
2.0368570718964918e-10
9.83183090497164e-10
3.415448479593408e-10
1.5037151523955572e-09
1.243021463537275e-09
1.9572148346469476e-09
1.7072740998713698e-09
2.391091213915786e-10
7.078914121549928e-10
3.9880543312165173e-10
3.1870799332978095e-09
4.5400055936895e-10
4.540492426485798e-09
1.2539826121926723e-10
4.930925667778752e-10
3.4655573966091424e-09
4.2030767755107945e-10
8.18053109696848e-08
2.9810847124167594e-09
1.8660526457381366e-09
1.0630984981219171e-10
2.1889046131207124e-09
5.425260685143485e-09
6.866097024271767e-09
2.582600799883039e-10
3.609468279819339e-09
7.139274726952749e-10
3.2339492195276875e-10
3.1592151117365574e-09
6.593024459711216e-10
1.980150265978864e-09
8.713896271217436e-10
6.510679217974769e-10
1.9230295134065045e-09
4.946035581099295e-09
7.634611165485694e-09
5.878505460188421e-10
4.715504875463239e-09
3.290600458782933e-09
3.545744808874929e-10
2.3034054663639836e-09
1.8875145890717704e-10
2.4117254859845616e-09
9.293344982452822e-10
1.2737157994990866e-09
1.5258875274426487e-09
4.041722512226897e-09
1.507324820515521e-09
5.734283048397515e-10
2.1997619281677316e-09
7.45386419254146e-10
1.4007286996964297e-10
3.1271827349854675e-09
3.9047232114342023e-10
3.93346383242843e-10
2.1513626435876176e-09
6.873616120728343e-10
2.0562630764775491e-10
8.055630051906348e-10
5.367348787643778e-10
1.0380296622258811e-09
4.904344708123176e-10
7.143340363668926e-10
1.557290629783381e-09
4.51820747482401e-10
1.6903792809941365e-09
1.1771152941264518e-09
1.1681526856932578e-09
1.3304365942268248e-10
2.345122429581181e-10
1.8605864071652434e-10
9.656448085593183e-09
4.4958145539730765e-10
1.3259722209113534e-09
1.0806716632671964e-09
5.988980422699797e-09
2.8102220550607626e-09
3.141771731662857e-09
6.289955667426739e-09
1.6794018398158528e-09
1.6916139600198221e-09
8.25589097086521e-10
2.748617999870362e-09
5.269668035268182e-10
1.2121406989251682e-08
8.158226982857286e-09
9.642926457331669e-10
6.150500109214363e-10
1.1781898789919865e-09
7.529756818058786e-10
2.9347380081645724e-10
4.739326708858016e-10
1.9445947074814285e-09
3.320243524562727e-10
3.4617710920059608e-09
1.0986412890545694e-09
6.506237770764756e-10
1.2409578920014042e-09
1.9943979800984835e-10
1.1327809801287003e-09
1.0326046684383527e-09
1.5684935572579661e-09
5.317709383945157e-09
8.786928962223328e-10
1.0952785345352822e-09
1.1746381645139081e-08
3.74156172711082e-09
5.122766655318856e-10
4.336640768709543e-10
1.8168800908213711e-09
6.461935153634357e-11
1.7531187612718213e-10
1.6785678402797544e-09
1.0276146156229515e-08
2.508591112615477e-09
1.7592508561037334e-09
2.8083739778139716e-09
1.4270609138833379e-09
5.526943791522854e-09
1.9737003698061528e-10
4.879981974070802e-10
1.8069751250848753e-10
3.0691458263731874e-09
6.012871311966705e-10
8.864718736845134e-09
1.5321948154678466e-09
2.5801378811252107e-09
3.763442890658553e-09
2.9710323090625934e-10
4.764539873747253e-10
5.243830369927593e-10
2.019068023884074e-09
1.49011225580864e-09
2.562134726602494e-09
1.174132346903889e-09
9.500922271143963e-10
8.275538476709698e-09
1.191935439237568e-09
5.448542172992177e-10
1.064905585934639e-08
7.648994326814318e-09
1.863403431556776e-09
8.637452975079896e-10
1.1626517526508451e-08
4.593293745358551e-09
3.888122879214251e-10
1.8244548094514812e-09
1.4530321390537893e-10
3.974000684081602e-09
9.271385881248762e-10
9.869202344248151e-09
1.6905001842815182e-09
9.78480740876364e-10
1.3174970447948908e-08
1.656895509682954e-09
1.8311411276172862e-09
6.192670820581725e-10
1.451137432439964e-09
1.2433152285495908e-09
4.1766927694197875e-09
2.1746344724959954e-09
3.903933842863694e-10
1.5291731769728756e-10
6.035699162687536e-10
1.0032916719637797e-09
3.936060810616482e-09
1.4292237393576102e-09
3.5297137657153144e-08
2.6718744994269628e-09
6.877967084761849e-10
1.53314716477837e-09
2.3357247247446367e-09
9.190213035026318e-10
2.719789948812945e-10
1.5205470216272943e-09
4.1584530263705233e-10
2.1235053992985087e-10
1.9958848462842127e-10
2.3601737231260245e-10
1.949002959023005e-09
6.665255014581817e-09
2.502214213606635e-09
1.6768419985879746e-09
2.4473251203360746e-10
7.068045038138848e-10
2.1540769168382212e-10
4.0743168838730526e-09
1.0226482771713563e-08
1.4551174709609427e-09
2.092168105427561e-10
7.912060451253922e-10
1.0295180263852899e-09
9.233157571841843e-10
3.0665545658337123e-09
1.1161075397225773e-09
6.066278035454786e-10
3.7432543176230126e-10
3.1206870421129906e-09
2.50908538390604e-09
1.0716634246676904e-09
3.1362850094751593e-09
6.518880435457675e-10
1.0729019894739622e-09
2.2361508200674507e-09
5.50417889044752e-09
1.2354930412072918e-09
4.410269927035415e-10
4.387052943144454e-10
1.9603063616813188e-09
4.968409683669961e-08
2.8507487481732596e-09
9.678889911768351e-10
3.595745923234972e-10
2.7724711415544334e-09
2.6252404694560028e-09
7.464309725868645e-10
1.081321587825812e-09
6.502549609876951e-10
2.0333572603448147e-09
5.0101736093211e-09
3.039549723027335e-09
8.324963829409171e-09
3.036651485821551e-10
1.578028374638052e-09
2.0511088383301512e-09
8.865238543265264e-10
5.511813783165564e-10
2.1293617535889098e-08
8.275668483825882e-10
2.2820946521395769e-10
8.588496136496815e-09
7.362245035835713e-09
2.2582322678488254e-09
1.7377202454760265e-10
1.8787644773254897e-09
5.251438173203837e-10
1.6145963732672186e-10
2.3510371427448717e-09
3.7412628550725913e-10
4.581430701477984e-08
8.185181421538346e-10
3.3740632510159685e-09
2.0858768046139176e-09
3.9068531743069457e-10
6.859137702264206e-09
1.2589182474265215e-10
1.80783510383975e-09
1.5498303751471099e-09
3.990604291459476e-09
