1.962535911559371e-09
4.3758963119699956e-10
7.534585733104393e-10
1.2543940330900227e-09
4.17733625468486e-11
6.193797141840207e-10
8.183167476971676e-10
1.0674716222069947e-08
3.970755280136018e-09
1.4017833560586723e-09
6.308722877435002e-09
2.470436077928184e-09
3.232124345942111e-09
4.637320527578481e-10
1.173727670611413e-09
1.68151303991948e-09
3.6095937350211216e-10
1.6318912887669512e-09
6.476208458394694e-10
6.250282513775574e-10
8.295107933875556e-10
2.351584704740617e-09
1.750908418252095e-09
1.0733315347621897e-09
8.215327307325992e-10
1.1461659399358837e-09
8.536087808819204e-11
1.2306330177125346e-08
1.6252511558789706e-09
4.865471359138951e-10
1.383429593104779e-09
1.9867096856529542e-09
5.356128873756916e-10
6.656606377219987e-10
3.3119382791824137e-09
4.572236200761637e-10
2.072156446430995e-09
1.3862364589556364e-09
1.182913766939464e-09
2.502889673294817e-09
3.683769067563958e-09
2.2519207332205582e-10
4.629562844193913e-10
2.0015176183107997e-09
7.541745006278688e-10
1.3502579054858188e-09
5.040929007549266e-09
8.786416039185951e-09
6.623227521984631e-10
1.1806497113298065e-08
3.05525438282217e-10
1.2091028178673469e-10
2.6899156235771216e-09
1.301068697223684e-10
2.498639350978493e-10
8.0977191618814e-10
5.007072534368717e-10
2.2735324733957896e-10
7.705890148201888e-09
1.7344707892164024e-09
5.470657260531198e-10
7.465705276210599e-10
4.940427178468099e-09
2.4969883938297244e-09
2.4756212635423935e-09
1.6915753520141408e-10
5.697486371580851e-10
7.540638113923137e-10
9.075099560718058e-10
1.2665504200981559e-08
1.753327261155846e-09
7.615128527760362e-10
6.221653747751077e-10
2.918656150097121e-10
4.930303276751147e-09
4.4400172427572215e-10
8.554888464296084e-10
6.224942783461529e-09
8.60021209803108e-09
2.2325350457208515e-09
3.642953438909302e-10
3.664694103733268e-10
5.220783805270912e-10
6.096249061116055e-10
1.2907700464026561e-09
4.3918579883950315e-10
2.099426604784682e-10
4.3143699723913187e-10
6.544236264005576e-09
2.989053449198309e-10
3.733908737757474e-09
7.364198140180633e-10
2.5866686570452657e-10
6.191060997196018e-10
1.5672074749062403e-10
2.300759360807092e-09
5.460122909362042e-10
1.8463102158250422e-09
1.055984411024724e-09
1.454288467428455e-09
2.036750990086489e-09
4.999213820688908e-10
1.0097020997079653e-09
6.814002695421095e-10
8.256928474281722e-10
2.2751143191612755e-09
1.919816972062449e-09
2.270832410999901e-09
2.0994506133575896e-09
1.66688163272255e-10
4.888008220405027e-09
7.02211577774392e-09
9.755970475922027e-10
6.000325791788441e-10
6.887000303379409e-09
7.157111570066377e-10
2.9333013795707075e-10
2.1851518372528744e-09
1.4164627248902661e-09
2.4394306574748725e-09
1.0128048399948852e-09
1.4837486794760935e-09
2.7303561633829077e-09
4.0859074457166855e-10
5.06160557911528e-10
1.954675171722542e-10
3.2877039979339884e-10
1.2947634075999304e-09
1.539985777787578e-10
8.779589277807531e-10
3.884379928820181e-09
1.2241772040511023e-09
2.1510278280789663e-10
6.669090835131897e-10
1.1285919976344871e-09
1.8734405693443534e-10
4.279014031993711e-09
3.0884345081361175e-10
4.008465115390436e-09
4.260659880461759e-10
1.0935767846831368e-09
1.5818932275202258e-10
1.5652600049431697e-10
6.804329322207536e-10
5.92424720391449e-10
5.257978052952694e-09
9.069613948753386e-10
3.1728933369556955e-10
1.041469910312287e-09
9.37410815637918e-10
2.6124136187632985e-10
1.7393289586387084e-10
8.390519390388818e-10
2.922847519570837e-10
1.28466437487873e-09
1.0612694056888472e-09
1.6711454442486229e-09
1.457728715514861e-09
2.0417495472102587e-10
6.043711087144743e-10
3.414640237231481e-10
2.7223716614344085e-09
3.87376464239253e-10
3.879981225196616e-09
1.0727323196402239e-10
4.211154758237967e-10
2.960279577024494e-09
3.588839225798779e-10
7.047175643037917e-08
2.5469064635075256e-09
1.593277176858976e-09
9.074087314875356e-11
1.8691328484976566e-09
4.638867512340994e-09
5.8716391748703245e-09
2.2310271685643812e-10
3.0839095721546528e-09
6.092398807666655e-10
2.7600863261589836e-10
2.698837819892219e-09
5.626955568160952e-10
1.6912726774620523e-09
7.450965400224163e-10
5.557826976421154e-10
1.641689673093083e-09
4.227580507887296e-09
6.530648022362584e-09
5.017937731999211e-10
4.069988346344644e-09
2.8109383709562508e-09
3.0262278793991015e-10
1.966827145594152e-09
1.614385847226174e-10
2.0593322602735498e-09
7.937858703677136e-10
1.0873829614510555e-09
1.3024080702805918e-09
3.4561264961041616e-09
1.2867156229390275e-09
4.900488348447141e-10
1.8799934942137497e-09
6.360821869222377e-10
1.198925403400608e-10
2.671681542665283e-09
3.333046061371192e-10
3.3830332979434274e-10
1.8399226586751638e-09
5.867545893600834e-10
1.7575858823892787e-10
6.877381442116359e-10
4.589093549611789e-10
8.866319900491249e-10
4.1908154724268343e-10
6.121330109465362e-10
1.3296139744767288e-09
3.8546710268150264e-10
1.4429130112958433e-09
1.0066435462974255e-09
9.969637337903237e-10
1.1399752669616348e-10
2.0010149093252494e-10
1.594255560899427e-10
8.26472490444985e-09
3.840681661593237e-10
1.1317029535717893e-09
9.221621799504476e-10
5.120633694843946e-09
2.400184495598978e-09
2.683732569508379e-09
5.377809308981796e-09
1.4336708487050487e-09
1.4441141615861852e-09
7.045157235374688e-10
2.3480171140732864e-09
4.5001388726539915e-10
1.037710184448315e-08
6.978386313249985e-09
8.229809056459203e-10
5.24785270794581e-10
1.005767025219484e-09
6.432628874009083e-10
2.5092505850921043e-10
4.04484612470668e-10
1.6602061947423863e-09
2.8492475045993615e-10
2.9578408611286022e-09
9.386614818751582e-10
5.559351867745477e-10
1.0678726791724102e-09
1.7047498135358552e-10
9.770794173746822e-10
8.815613794510568e-10
1.3394134690258852e-09
4.545976484138237e-09
7.499847409775384e-10
9.347376206392255e-10
1.0055380528228852e-08
3.197328846127334e-09
4.3711329000828414e-10
3.701974282677156e-10
1.5513379469922484e-09
5.5306845908598135e-11
1.4968760952971394e-10
1.4349532673207932e-09
8.79432970890548e-09
2.142328314747033e-09
1.5018080112838561e-09
2.3998871778729836e-09
1.2186390785373646e-09
4.7244954615166534e-09
1.690904499751511e-10
4.185011226454094e-10
1.542170141588528e-10
2.6225046578787214e-09
5.136477909672976e-10
7.58391749400289e-09
1.3078798044574569e-09
2.2045600900355566e-09
3.216048316545539e-09
2.5366955758165943e-10
4.0682301971628476e-10
4.476213011361807e-10
1.7238992455759217e-09
1.2732634946388544e-09
2.1886699119733066e-09
1.0030024588658648e-09
8.108906324189036e-10
7.0825243447814046e-09
1.0174874276458468e-09
4.653379348518172e-10
9.114937249421473e-09
6.542700603517915e-09
1.590796827599661e-09
7.37415906115757e-10
9.954095325781509e-09
3.928758651738917e-09
3.350185406869599e-10
1.5581882450987905e-09
1.249334385944323e-10
3.395404180039918e-09
7.915291200255581e-10
8.445315557992217e-09
1.4432484096715825e-09
8.350294344872111e-10
1.1281578338184772e-08
1.4143406446009976e-09
1.5633960792627022e-09
5.284216952894383e-10
1.239911062711485e-09
1.0613561141070704e-09
3.5693283884086213e-09
1.8582562155700089e-09
3.335731135756248e-10
1.311640518419921e-10
5.151610249498617e-10
8.565437803476073e-10
3.3628297924082062e-09
1.2205242372331782e-09
3.0310356891050105e-08
2.2817725486845575e-09
5.868180386059407e-10
1.3140011301260301e-09
1.995160925361006e-09
7.843634630688712e-10
2.322030068224734e-10
1.2979222141495939e-09
3.570511664108267e-10
1.8245391308902015e-10
1.7067072755061474e-10
2.018549771776179e-10
1.664309134952191e-09
5.700119931617564e-09
2.1398391947258233e-09
1.4343013443607333e-09
2.0900609021268224e-10
6.03707084323446e-10
1.8377629973365117e-10
3.481504640134858e-09
8.751730895539822e-09
1.24193288986163e-09
1.7889315029329111e-10
6.751260106518941e-10
8.788766936440595e-10
7.879558117096508e-10
2.619271466386408e-09
9.57859125350069e-10
5.177149819957094e-10
3.228096956409132e-10
2.665337284213365e-09
2.145950528387175e-09
9.165305736580365e-10
2.679352517631628e-09
5.568350780471576e-10
9.162319236644123e-10
1.912122238323377e-09
4.7066057717870535e-09
1.0604135347591637e-09
3.7874670066884164e-10
3.7482250636600156e-10
1.6744323705353281e-09
4.271658582410964e-08
2.434785262295236e-09
8.259665729148935e-10
3.068026666053214e-10
2.3676627325386335e-09
2.2418507050758762e-09
6.377502415055858e-10
9.253858790359004e-10
5.57167867398789e-10
1.7362010718002807e-09
4.283492671675049e-09
2.5972368700166726e-09
7.121320422243116e-09
2.5910640299997567e-10
1.3596911374591514e-09
1.7514532046902787e-09
7.632497966980623e-10
4.704571732183638e-10
1.8256269385119595e-08
7.07247649334164e-10
1.948283895325531e-10
7.347220165598856e-09
6.296509091896496e-09
1.937538129936911e-09
1.4940972070665026e-10
1.6040724304389187e-09
4.4962125689274046e-10
1.379150404989815e-10
2.007570110151846e-09
3.193726949568543e-10
3.937778814133708e-08
7.042629812659129e-10
2.8825177800229085e-09
1.7855050771231618e-09
3.335896003875405e-10
5.865755881018231e-09
1.074890385033278e-10
1.5437906508708465e-09
1.3231916673461797e-09
3.4094989054267444e-09
