7.417921277230732e-10
1.654688469576726e-10
2.84227641422774e-10
4.752405691199613e-10
1.6159773172375047e-11
2.386367492501762e-10
3.115585844870594e-10
4.084722782238259e-09
1.5071149883638668e-09
5.299435890115944e-10
2.4013526722654888e-09
9.362917108290958e-10
1.2287819650680376e-09
1.753022171868679e-10
4.43064446242758e-10
6.360263427040991e-10
1.3627005079897003e-10
6.190310486431372e-10
2.4548277299807353e-10
2.4096419304342476e-10
3.129344838814774e-10
8.909060711381755e-10
6.638680716264389e-10
4.11978173797678e-10
3.234335022028745e-10
4.326214109173776e-10
3.3283403810813184e-11
4.716357082656941e-09
6.142559239030732e-10
1.835738783206864e-10
5.225594956748125e-10
7.520107869751769e-10
2.022465389606154e-10
2.53579324205333e-10
1.261521109796604e-09
1.7280329944746597e-10
7.855845418625051e-10
5.251000745332135e-10
4.5148751404155973e-10
9.48044864834685e-10
1.3969293499727087e-09
8.498884929153405e-11
1.7585760625493663e-10
7.618456976388188e-10
2.8828694986771097e-10
5.102965272563154e-10
1.9171417786623124e-09
3.385349334195098e-09
2.5064433861743396e-10
4.522443752819072e-09
1.1634462837584181e-10
4.6109151219386746e-11
1.0192896526817208e-09
4.950972271045018e-11
9.524107197345089e-11
3.2172431385646405e-10
1.8931653467113563e-10
8.645961724340623e-11
2.9411213464669572e-09
6.595283763566329e-10
2.068072518790487e-10
2.8169636068220427e-10
1.877022315355248e-09
9.493340558108798e-10
9.373706255644265e-10
6.522288265031762e-11
2.1489489354653557e-10
2.8835617227329635e-10
3.424329431123141e-10
4.855627899758019e-09
6.683583686495354e-10
2.878119409466251e-10
2.3490207001763963e-10
1.1023267021403882e-10
1.878224242801707e-09
1.680261207948064e-10
3.238850021514139e-10
2.3714441521605067e-09
3.2832145890893116e-09
8.461694123162999e-10
1.4079433452440782e-10
1.3835931012007308e-10
1.9903974302071248e-10
2.3111691727084605e-10
4.8946841024744e-10
1.67448610532972e-10
8.034552190228084e-11
1.6392623369831938e-10
2.4921549268697163e-09
1.1437943647774063e-10
1.416602390946764e-09
2.807868104692801e-10
9.813516665957422e-11
2.3747862010203846e-10
5.953242065981357e-11
8.724057587450318e-10
2.076355476443581e-10
6.99926672176332e-10
3.9879177737844884e-10
5.586096030185672e-10
7.732983142716421e-10
1.9168797105173496e-10
3.813095950100376e-10
2.621673711455941e-10
3.1191646487904734e-10
8.698333164858241e-10
7.261230505761773e-10
8.597836886892196e-10
7.937865365015284e-10
6.594159246420261e-11
1.8573679261280063e-09
2.675327293033547e-09
3.694901884454538e-10
2.2682136724405666e-10
2.6330286839737482e-09
2.900946705075569e-10
1.1101021490933505e-10
8.302058485121222e-10
5.664417268569366e-10
9.229278452593803e-10
3.8381819944532936e-10
5.656035639844958e-10
1.0339572531492536e-09
1.5411925902153456e-10
1.9222176628197474e-10
7.40574962465601e-11
1.2739725940846824e-10
4.900151395759167e-10
5.87503726223737e-11
3.342665588768057e-10
1.4776705414831781e-09
4.633888828209365e-10
8.45007258609698e-11
2.517954178493653e-10
4.260450325865861e-10
7.161164022884137e-11
1.6268464353430545e-09
1.166523683204801e-10
1.5211509829526904e-09
1.6528746427102448e-10
4.127285180288709e-10
6.140155744960296e-11
5.94156321365169e-11
2.568156798332666e-10
2.3100416024490755e-10
1.9985528787458406e-09
3.464495357263786e-10
1.2047246533697376e-10
3.9615247193758307e-10
3.538783988066285e-10
9.902755004898012e-11
6.612516784132438e-11
3.1684230239470423e-10
1.1282411810364934e-10
4.886007709536955e-10
4.0189859773498426e-10
6.322765089272764e-10
5.51772016965657e-10
7.75975811384555e-11
2.291246220531562e-10
1.322642412260322e-10
1.0312916076671286e-09
1.462953924669108e-10
1.4717965735044913e-09
4.131780334537538e-11
1.6011665604498404e-10
1.121013393223791e-09
1.362826101969361e-10
2.782350172481074e-08
9.666399902741318e-10
6.028268995095232e-10
3.4379301488973724e-11
7.073734931140052e-10
1.766745527653768e-09
2.2353159323529326e-09
9.155332741928035e-11
1.1698271240589975e-09
2.3014321004488636e-10
1.0448414355934688e-10
1.0232589220393606e-09
2.1279969453225078e-10
6.414853648273322e-10
2.8554156261684227e-10
2.1052240506413966e-10
6.203493274625771e-10
1.6062264851512964e-09
2.490150308176453e-09
1.9003799922590048e-10
1.6525634194408667e-09
1.0651133308670069e-09
1.1455799503456987e-10
7.439426852329234e-10
6.209584929584011e-11
7.788143463471897e-10
3.0177921273022434e-10
4.114886209549695e-10
4.918132567865996e-10
1.3189510594813214e-09
4.863713320979457e-10
1.8719101269049077e-10
7.161208848138756e-10
2.4025101352798117e-10
4.6359999172906896e-11
1.0136465000698536e-09
1.2628428858185714e-10
1.3503703710782133e-10
7.04527769457286e-10
2.2220314477294778e-10
6.729026363894164e-11
2.6060342772638023e-10
1.759161705194856e-10
3.3700797708036134e-10
1.6000462066401155e-10
2.3825807993205217e-10
5.032688710215893e-10
1.4543023729718385e-10
5.449957152237062e-10
3.858863228956011e-10
3.7647321371458986e-10
4.441131143395616e-11
7.562795528714972e-11
6.211223896324114e-11
3.1605418282509845e-09
1.463637266940765e-10
4.273366382978594e-10
3.4787517311229976e-10
1.9482888635735662e-09
9.089195507350212e-10
1.0169247666169667e-09
2.0448556181662525e-09
5.419134030404393e-10
5.459028784571274e-10
2.6601573721585225e-10
8.906211323989055e-10
1.7100032501105034e-10
3.96891230991514e-09
2.6588171664343463e-09
3.1093813634974765e-10
1.980718922212077e-10
3.804948578434164e-10
2.449737634968585e-10
9.626641150894955e-11
1.5304021938611356e-10
6.276501540725121e-10
1.1209454198191082e-10
1.1226172214051644e-09
3.57465557154768e-10
2.120812137018646e-10
4.267878828123628e-10
6.527997586935896e-11
3.9638078930259724e-10
3.338339604752605e-10
5.076568054818154e-10
1.728689080771062e-09
2.835955359437037e-10
3.5294411837583084e-10
3.8448435546456494e-09
1.2143532845954041e-09
1.650864722702039e-10
1.4031488471122344e-10
5.871516051136894e-10
2.136447269096564e-11
5.686397186455139e-11
5.481437526100308e-10
3.358574307554818e-09
8.109541926870634e-10
5.674868353011675e-10
9.12646846984444e-10
4.6201564796177763e-10
1.794965842627505e-09
6.580219702456702e-11
1.6384443801698012e-10
5.838814154390803e-11
9.962879410352343e-10
1.956090844856817e-10
2.891547223882185e-09
4.941443365602538e-10
8.37799218889046e-10
1.2214924627329538e-09
9.63196050696169e-11
1.5445643375411322e-10
1.695635576393073e-10
6.519778050773084e-10
4.848998425011075e-10
8.30289337283574e-10
3.814646376554265e-10
3.064674070074602e-10
2.7103579380849396e-09
3.8487701914391437e-10
1.7695177267906814e-10
3.4850069496883407e-09
2.4938868747881315e-09
6.012234043950571e-10
2.794026399133287e-10
3.811257087704689e-09
1.5012708853845425e-09
1.3530435105657546e-10
5.90868298733227e-10
4.982475890202842e-11
1.2874318278122132e-09
2.99835045680652e-10
3.223911582139749e-09
5.458347107634154e-10
3.152987593235679e-10
4.320129587398469e-09
5.342724040957592e-10
5.913412537417173e-10
1.995547754818361e-10
4.720929203116953e-10
4.0144981783285516e-10
1.3553668187782364e-09
7.071200847086345e-10
1.2733179788337878e-10
5.1470327999680876e-11
1.9494511560580463e-10
3.2440483632711903e-10
1.2746312894051925e-09
4.6283901711241526e-10
1.1769227370450608e-08
8.634941650598194e-10
2.2132526367180105e-10
5.111667200630166e-10
7.56850748739879e-10
2.964400114269239e-10
8.813132862384165e-11
4.903487615948166e-10
1.4094368727679552e-10
7.241058447293724e-11
6.554463916064179e-11
7.760683762292331e-11
6.302275368241794e-10
2.171255619742851e-09
8.185755406842077e-10
5.501695765630643e-10
7.951532488004176e-11
2.2962201584597608e-10
6.939134683525694e-11
1.3211431948434438e-09
3.342123910954342e-09
4.688359700466549e-10
6.867119373143993e-11
2.547972111077712e-10
3.326755815269422e-10
2.975784063607989e-10
9.919565169269617e-10
3.7627373439264034e-10
1.957476125635793e-10
1.3107397112133157e-10
1.0087497503974419e-09
8.215592650628878e-10
3.516000823822196e-10
1.0162231056654036e-09
2.1191996768532562e-10
3.4770236689851686e-10
7.312145333671083e-10
1.793187598408963e-09
4.167189926462811e-10
1.4968887240840445e-10
1.4297188433154417e-10
6.354371473449305e-10
1.6691622306552745e-08
9.219200958199281e-10
3.1181351944908897e-10
1.1588583564980937e-10
8.957731778558298e-10
8.481491065026603e-10
2.4309773638542254e-10
3.566082429351525e-10
2.1675602979165376e-10
6.569238486520135e-10
1.6307377670443657e-09
9.867917594164055e-10
2.7138702396456438e-09
9.790857014024823e-11
5.475995767945108e-10
6.629610749264714e-10
3.062138043130602e-10
1.7808665653262779e-10
7.032480819901821e-09
2.700231704899636e-10
7.39358366197429e-11
2.8008069197227314e-09
2.3976864937935716e-09
7.585051475800242e-10
5.957585119675812e-11
6.067195079673127e-10
1.7405177299423258e-10
5.2546793305463524e-11
7.595087891942853e-10
1.2107127800309314e-10
1.5363479377583644e-08
2.81479534125495e-10
1.0929864791009436e-09
6.880978009604632e-10
1.266853982828664e-10
2.2333228599791255e-09
4.0825579028513914e-11
5.848289075238711e-10
5.006891012904191e-10
1.2924418202331367e-09
