1.4260526093323733e-09
3.17822212991814e-10
5.469448227657381e-10
9.118766852722615e-10
3.055362907122827e-11
4.5239378909656125e-10
5.956287130182147e-10
7.794819012474363e-09
2.8900708493040383e-09
1.0184533216772707e-09
4.597351388468951e-09
1.79671311162366e-09
2.353163441881634e-09
3.3678493327471415e-10
8.523339811716824e-10
1.2219815159753011e-09
2.620334782488243e-10
1.186867715219364e-09
4.707428336025998e-10
4.566072520084674e-10
6.021819709545184e-10
1.710037000890452e-09
1.2733041288015556e-09
7.832058890322458e-10
6.04103878032447e-10
8.322895705958899e-10
6.256511281277355e-11
8.991692723725464e-09
1.1808115596423363e-09
3.5316413682373593e-10
1.0048730736400557e-09
1.4442014251159208e-09
3.8887584818958487e-10
4.845641665696121e-10
2.412621658010039e-09
3.320358432645776e-10
1.5070165115815826e-09
1.0077150225384912e-09
8.617511149111579e-10
1.8200403406609666e-09
2.6803699260113945e-09
1.6345184927768486e-10
3.3669386723111927e-10
1.4572894002640169e-09
5.495763844010071e-10
9.809095757873365e-10
3.671770665292229e-09
6.426952303684175e-09
4.812044096524914e-10
8.624809311186254e-09
2.22345600264795e-10
8.802836237720157e-11
1.956351525222999e-09
9.466329109475424e-11
1.8188629768989273e-10
5.971679262195551e-10
3.6366476496851874e-10
1.6538563574197696e-10
5.620787391080739e-09
1.262388638068046e-09
3.9732309109474784e-10
5.419792392657996e-10
3.5975309398139643e-09
1.8176555816040718e-09
1.8000154700104076e-09
1.2355703959965325e-10
4.1353467872262684e-10
5.495588983883692e-10
6.588670720120149e-10
9.255318289547176e-09
1.2770459134614498e-09
5.53090795385458e-10
4.5172016127636994e-10
2.118952513452399e-10
3.5927829600268524e-09
3.225537892337371e-10
6.216760439770042e-10
4.537220821276833e-09
6.274367247982582e-09
1.6236095801147599e-09
2.6629953797652206e-10
2.6603913516609623e-10
3.801089720756323e-10
4.431372491175978e-10
9.38577882081404e-10
3.1975178060861253e-10
1.5300577471677457e-10
3.1378957765504367e-10
4.769748152000375e-09
2.1784124504264923e-10
2.717221780912382e-09
5.362309485335004e-10
1.8803579526771586e-10
4.515922080727819e-10
1.1396694699072896e-10
1.6734609253887811e-09
3.9724104561322804e-10
1.3426586509268645e-09
7.668891632839347e-10
1.0615508472255897e-09
1.481873623809804e-09
3.645945489960667e-10
7.332618956468195e-10
4.974978207172853e-10
5.996384500051022e-10
1.6587613504981391e-09
1.3952440314213277e-09
1.6509958955523985e-09
1.5257328733753184e-09
1.2271397786811633e-10
3.559452066426161e-09
5.119072277182113e-09
7.090646958474167e-10
4.357976479685277e-10
5.025226901267388e-09
5.311838191524032e-10
2.130829956925595e-10
1.5902184014038312e-09
1.046972064600027e-09
1.773297175766686e-09
7.362482845607587e-10
1.0806159300713603e-09
1.985439590512783e-09
2.965447887248729e-10
3.680957760821002e-10
1.420351475323045e-10
2.405176613429205e-10
9.409515389080525e-10
1.1212907685687057e-10
6.3905564173794e-10
2.8289206532861044e-09
8.896796077628721e-10
1.5801593367115174e-10
4.842161671625433e-10
8.195529255239364e-10
1.3648721042258671e-10
3.116062297081612e-09
2.2422692869117355e-10
2.917400099278211e-09
3.1181970894245126e-10
7.940622048785428e-10
1.1577840075549517e-10
1.1380135722660611e-10
4.939916253832166e-10
4.3428802221079366e-10
3.829455863524345e-09
6.60816956710164e-10
2.3071028421028927e-10
7.579132321744453e-10
6.806719077268042e-10
1.8986036354196045e-10
1.265138410699862e-10
6.092777948829564e-10
2.1357275670208509e-10
9.349406804304294e-10
7.713354399641048e-10
1.2145354721937451e-09
1.0594877197789287e-09
1.4849738105837673e-10
4.39316943934287e-10
2.4977575563411847e-10
1.9798167549822665e-09
2.8124291784337174e-10
2.823502098792119e-09
7.83324516362427e-11
3.0634406122942437e-10
2.152759526197201e-09
2.609691629462674e-10
5.2056595478688905e-08
1.853102116200489e-09
1.1579204262091025e-09
6.594089857481222e-11
1.3586122227238207e-09
3.3799900656106274e-09
4.278658316536621e-09
1.6622647702746463e-10
2.2437778302020206e-09
4.4239947816215874e-10
2.0051507676477343e-10
1.963158302586976e-09
4.0872397133462357e-10
1.2300388485542157e-09
5.43370848316016e-10
4.0388814515068816e-10
1.192698051433183e-09
3.078014954027708e-09
4.7614401310625e-09
3.6462627361899536e-10
3.0245259630135024e-09
2.044415525759291e-09
2.1985148423997458e-10
1.4294506689438435e-09
1.1783314601832018e-10
1.4966616834755087e-09
5.775209199754272e-10
7.901582721459022e-10
9.459178995641082e-10
2.5191153607551087e-09
9.347751461774578e-10
3.5698893841029644e-10
1.3690599764970557e-09
4.6187914604089997e-10
8.764940162553359e-11
1.943758043410071e-09
2.4220681016373646e-10
2.4978641377515487e-10
1.3419310107565252e-09
4.2637315900151407e-10
1.2810727478829165e-10
4.998643166054251e-10
3.3465166748847253e-10
6.450563416748878e-10
3.0523689131811693e-10
4.4848999514179866e-10
9.663254640912555e-10
2.7977725691741284e-10
1.0480849521599112e-09
7.342445540459153e-10
7.239934207703413e-10
8.352903785313615e-11
1.45299453024883e-10
1.1681550171616095e-10
6.032053967430784e-09
2.795764730834094e-10
8.218759006695109e-10
6.694625409586763e-10
3.7303151678713675e-09
1.7451888822961337e-09
1.9518400229401323e-09
3.91719945369573e-09
1.0415865947521752e-09
1.0492002822104496e-09
5.115414203338275e-10
1.7080157288518194e-09
3.2731239940630985e-10
7.57627383052295e-09
5.087224419497716e-09
5.976934502882614e-10
3.8096537036125255e-10
7.307688898450238e-10
4.682140786194111e-10
1.830102180910842e-10
2.938230769800043e-10
1.2063193777223091e-09
2.0941148815012411e-10
2.152315881076561e-09
6.833053012300638e-10
4.0484068875024093e-10
7.890740283400532e-10
1.2426326634340512e-10
7.254582490290318e-10
6.406725705510041e-10
9.738229111988517e-10
3.3108249475333196e-09
5.447923778767461e-10
6.787706507971336e-10
7.3405503897561175e-09
2.327163572957147e-09
3.173645513054879e-10
2.6904983796427473e-10
1.1275298472668283e-09
4.042869511389213e-11
1.0885446710684477e-10
1.0457053001289296e-09
6.416783548957028e-09
1.5574173062304908e-09
1.0910179426559807e-09
1.7470566104904606e-09
8.860507882957336e-10
3.4401295145869426e-09
1.238540381365283e-10
3.0714475407478403e-10
1.1203837163575869e-10
1.9086623392894353e-09
3.738474529946245e-10
5.530217617177868e-09
9.500356057401405e-10
1.6044716666385739e-09
2.3408142091341233e-09
1.8444773486336885e-10
2.958182587775582e-10
3.2527702753526455e-10
1.2527578974186326e-09
9.26995480377002e-10
1.592094012181633e-09
7.298777138231571e-10
5.889629339783653e-10
5.169422667705703e-09
7.39259653492752e-10
3.3853259084892784e-10
6.653000372836004e-09
4.7697934490997795e-09
1.155759932203182e-09
5.359687693662352e-10
7.269050250613418e-09
2.864946058167561e-09
2.482916650059508e-10
1.1331251492663341e-09
9.220651325803075e-11
2.4703057377450932e-09
5.752731624397711e-10
6.161124499470816e-09
1.0487106738565899e-09
6.0634247622815e-10
8.240160553896203e-09
1.0273568662455546e-09
1.1360959950579286e-09
3.836664042022875e-10
9.026444036663861e-10
7.711341565297403e-10
2.597990489405788e-09
1.3528205222712586e-09
2.429330903108706e-10
9.631964670298032e-11
3.742556820007792e-10
6.225094884015903e-10
2.4463555625686695e-09
8.874820323079291e-10
2.2255159493056453e-08
1.6587267115397708e-09
4.259232411207847e-10
9.628184916010696e-10
1.4512373525121802e-09
5.696884075589992e-10
1.6881700204418593e-10
9.427811864526348e-10
2.627094375373673e-10
1.3445629332142772e-10
1.2451348285758002e-10
1.4731355024721893e-10
1.2098552160111353e-09
4.154187216443006e-09
1.5603426328780756e-09
1.0465202038290045e-09
1.5205703363108114e-10
4.3925313386594667e-10
1.3340824278618157e-10
2.5335544773241736e-09
6.385571182931926e-09
9.019002766841311e-10
1.3049450409141627e-10
4.901292149916969e-10
6.386425832616283e-10
5.721786378032334e-10
1.9046395571820085e-09
7.039019367383048e-10
3.760207978320551e-10
2.396573772767141e-10
1.93782256907582e-09
1.5651662188531645e-09
6.686410869427561e-10
1.949163497272366e-09
4.052117807962219e-10
6.66288413331273e-10
1.3940728571526506e-09
3.4297336082289576e-09
7.793884426732234e-10
2.7878188646468516e-10
2.729193260275764e-10
1.217971390410355e-09
3.1436474756674215e-08
1.7703100096966295e-09
5.997249918898717e-10
2.2274745936634588e-10
1.7210897151898052e-09
1.6295619298389852e-09
4.6432635514292997e-10
6.760251802795381e-10
4.0814565616109633e-10
1.261860060886022e-09
3.12049586170815e-09
1.8903170140305292e-09
5.1918425114649835e-09
1.881363953515347e-10
1.0072850331610539e-09
1.2730947407391113e-09
5.646049738849968e-10
3.4180422381346887e-10
1.336493937742489e-08
5.151857829233109e-10
1.416380346341839e-10
5.357158272545348e-09
4.588923019355207e-09
1.4227239386599422e-09
1.1026580343242998e-10
1.1656665632742147e-09
3.288475602936103e-10
1.0038087028263476e-10
1.459162235484257e-09
2.3211789434984809e-10
2.8963141218696364e-08
5.203226183247978e-10
2.0969106451218522e-09
1.3047360969409283e-09
2.4257773567626373e-10
4.274492759748227e-09
7.816548797112688e-11
1.1223323381770456e-09
9.615745977242796e-10
2.480396776860516e-09
