6.27535134967161e-10
1.400656673977707e-10
2.4043764201842066e-10
4.023389399421262e-10
1.3733686930750277e-11
2.027846363050756e-10
2.640827001521018e-10
3.460271180699692e-09
1.2755914102768884e-09
4.484151105987877e-10
2.0329338212832226e-09
7.924623179889068e-10
1.0405718509076678e-09
1.4837858719474184e-10
3.748026611294364e-10
5.381947665306086e-10
1.1531074706194744e-10
5.241574951853067e-10
2.0789064913984134e-10
2.047880753863751e-10
2.647174424108556e-10
7.540054136612184e-10
5.620460763466895e-10
3.497644951444556e-10
2.759914519145923e-10
3.6596456420845414e-10
2.8347602043510278e-11
3.996053266064337e-09
5.196870156431999e-10
1.5531287367309687e-10
4.4208370297837973e-10
6.363878868320683e-10
1.711380759328307e-10
2.1497456592634023e-10
1.0687303264589332e-09
1.4625660404998797e-10
6.650202055702437e-10
4.445150636467332e-10
3.828461436761188e-10
8.022969510967926e-10
1.1821515988330589e-09
7.191258005745382e-11
1.4900439215814743e-10
6.455035395092068e-10
2.4456769942560186e-10
4.317655677432697e-10
1.6230575772269162e-09
2.8729503220858987e-09
2.121850750658183e-10
3.831488903927038e-09
9.86343368092335e-11
3.909765913800989e-11
8.626270808775871e-10
4.196293312830335e-11
8.07597669294502e-11
2.7500432486782245e-10
1.6024542803805275e-10
7.327718987149012e-11
2.4909811990880826e-09
5.587262319473041e-10
1.750406486422662e-10
2.3830976081384847e-10
1.588732034818463e-09
8.040620391724929e-10
7.932012824340973e-10
5.543583647682482e-11
1.8179328875600476e-10
2.4464613668229163e-10
2.8967636622745374e-10
4.114216523021241e-09
5.66506619392726e-10
2.435723289728742e-10
1.987595643626605e-10
9.328787742290956e-11
1.5907652972657615e-09
1.4225454147975825e-10
2.741951110607488e-10
2.0080608287287305e-09
2.7804827329447335e-09
7.162357373857731e-10
1.1972642322000127e-10
1.170801927630194e-10
1.687739947797695e-10
1.9573397069816423e-10
4.1446263088218416e-10
1.4199207087894905e-10
6.818563075272621e-11
1.389036663468346e-10
2.1099619829101357e-09
9.706742354342879e-11
1.1989209625085095e-09
2.380796948475705e-10
8.313101595991412e-11
2.0161813885088975e-10
5.044121370589849e-11
7.385028144568651e-10
1.7596667178931824e-10
5.925372414949948e-10
3.373984147625464e-10
4.742742865104788e-10
6.548396824790359e-10
1.6273542235989424e-10
3.226121869648324e-10
2.2271259836337265e-10
2.6393703889127096e-10
7.376518285084899e-10
6.143818787052169e-10
7.275779978499486e-10
6.715423217507066e-10
5.6331852377189406e-11
1.5721683954694754e-09
2.265101883835996e-09
3.128155512399644e-10
1.9197526901493234e-10
2.2311901215488206e-09
2.488619033069739e-10
9.398731792842341e-11
7.031090154541175e-10
4.846761325616455e-10
7.808398927444671e-10
3.2498559399130045e-10
4.794458718926364e-10
8.74901262548633e-10
1.303881724812328e-10
1.6285905957147406e-10
6.271521496570287e-11
1.083919065614225e-10
4.1474443324140964e-10
4.9823790926328826e-11
2.8332503010375376e-10
1.2513492464449882e-09
3.9223352343853435e-10
7.208998675789502e-11
2.1305017472439403e-10
3.604147535973823e-10
6.075777381209235e-11
1.3773878704270714e-09
9.872196810034595e-11
1.2874039612142951e-09
1.4065799913698385e-10
3.491348876671907e-10
5.225793756058472e-11
5.03345004565503e-11
2.1728066568194038e-10
1.9677021123598593e-10
1.6916729128624297e-09
2.938528587126399e-10
1.0207040768150932e-10
3.356958877542837e-10
2.993864600675522e-10
8.387164573964156e-11
5.603804920095712e-11
2.680810295974112e-10
9.591889782445406e-11
4.139948939219096e-10
3.402361170579127e-10
5.350564435957494e-10
4.670066000578288e-10
6.57572260531758e-11
1.9404693130109507e-10
1.1252368481429187e-10
8.727187861268249e-10
1.2380306502191019e-10
1.2455466658067849e-09
3.510624430047571e-11
1.3569623202869252e-10
9.485061625014168e-10
1.154678574977197e-10
2.3669837645456937e-08
8.183954625096135e-10
5.101492561720988e-10
2.910771276787294e-11
5.986080520159476e-10
1.4963366101738984e-09
1.8925940814540354e-09
7.856727768373872e-11
9.9017738453e-10
1.9475657198064766e-10
8.846740007228959e-11
8.660993033871023e-10
1.801272186963132e-10
5.431482485995787e-10
2.4236715412406795e-10
1.7826222442618445e-10
5.248162460169681e-10
1.3597327708225748e-09
2.108926810961975e-09
1.6091337984303067e-10
1.4173061613220739e-09
9.013737534147026e-10
9.699666070339674e-11
6.294583743127191e-10
5.275138659222023e-11
6.589227496966998e-10
2.5571630923870714e-10
3.4829589212748147e-10
4.1605613398942864e-10
1.1178178382920123e-09
4.115479346200601e-10
1.5879306203281374e-10
6.068766600364484e-10
2.0330222227915584e-10
3.942352694297213e-11
8.581008126284928e-10
1.0694538310485058e-10
1.1554841805594407e-10
5.977179862171056e-10
1.8814168278868948e-10
5.710987238671805e-11
2.2067703220329804e-10
1.4933951297813053e-10
2.855465863760287e-10
1.3571987977911704e-10
2.0287571622645828e-10
4.259697039543653e-10
1.2304410268448862e-10
4.610492820855683e-10
3.2753275092112233e-10
3.1851682402717074e-10
3.782290800002919e-11
6.401140728584664e-11
5.290226590126679e-11
2.677847943388656e-09
1.2410186767120024e-10
3.6152961180313525e-10
2.942618926304874e-10
1.6495704802110822e-09
7.691634551498794e-10
8.606226842289288e-10
1.7309841338075671e-09
4.585223867259458e-10
4.6190454239258827e-10
2.2508329922121817e-10
7.539699420355817e-10
1.449000225361985e-10
3.3618783312761025e-09
2.2511743580366783e-09
2.6311813838830744e-10
1.6759001131294582e-10
3.2205033084764523e-10
2.076675220674673e-10
8.173948323753066e-11
1.2956286044030207e-10
5.310490935883649e-10
9.565759989671463e-11
9.503637876662197e-10
3.029984596558677e-10
1.7985435363243596e-10
3.6517647239442397e-10
5.540568698281234e-11
3.400631443106761e-10
2.826296419122798e-10
4.2980971559636316e-10
1.4636072354079488e-09
2.4003132814698347e-10
2.9861060846236853e-10
3.2567191166066323e-09
1.0281314688498355e-09
1.3970449797007234e-10
1.1883607986540312e-10
4.969268885268718e-10
1.8156646325317993e-11
4.818038329412744e-11
4.648565421483397e-10
2.8444908650726575e-09
6.86246559578052e-10
4.801148922872756e-10
7.730490136914625e-10
3.9120684469651223e-10
1.5193429847570883e-09
5.6032713191545014e-11
1.3968154410903821e-10
4.943645492971882e-11
8.43662917304755e-10
1.6582671347187272e-10
2.4483997052016093e-09
4.180786827845395e-10
7.095775078624911e-10
1.0341771883304318e-09
8.160758180331129e-11
1.308589625548251e-10
1.4358682298709624e-10
5.516699319585427e-10
4.1097564240644147e-10
7.02943980801507e-10
3.232433765099074e-10
2.5935442682367693e-10
2.2971506918878504e-09
3.257484004759448e-10
1.4996560937508008e-10
2.9522810862658844e-09
2.111913310898217e-09
5.086644438989651e-10
2.365873885690206e-10
3.2294140694943962e-09
1.2725858145046232e-09
1.160197979355182e-10
5.002833702860698e-10
4.262726976955733e-11
1.089533130382847e-09
2.5387100754947767e-10
2.730293102715109e-09
4.6189668756468905e-10
2.667707998948998e-10
3.66008290342279e-09
4.519953855641745e-10
5.003994996144456e-10
1.6886517184566685e-10
4.001060593950001e-10
3.397661041404376e-10
1.1473758609881202e-09
5.991207530087195e-10
1.0800341176953054e-10
4.389919677771914e-11
1.6503917676935487e-10
2.746574079282027e-10
1.0786171955601276e-09
3.919239377481176e-10
9.988784910319737e-09
7.306308891230628e-10
1.8723046724122838e-10
4.3511702574328126e-10
6.407954167286789e-10
2.5087057431427695e-10
7.466297718972115e-11
4.148623111710492e-10
1.203512428604725e-10
6.189617568486128e-11
5.5663786080462074e-11
6.592400930705011e-11
5.334262476175411e-10
1.8386607791853748e-09
6.942865171666313e-10
4.669776232368861e-10
6.739719893289475e-11
1.9460447142627402e-10
5.871988312255993e-11
1.1182532677622703e-09
2.8305378041437734e-09
3.965990036380873e-10
5.831392313471184e-11
2.1557043650144436e-10
2.816229194291253e-10
2.517923647360476e-10
8.393988282229259e-10
3.20931808905911e-10
1.6568811600503608e-10
1.1249329245899276e-10
8.53467851946732e-10
6.969312904558933e-10
2.9848457039349796e-10
8.602162315796136e-10
1.7962738241283915e-10
2.945037824719776e-10
6.201780200498774e-10
1.5188372781693715e-09
3.554432859154133e-10
1.278470246335317e-10
1.2124964920978698e-10
5.380929590792505e-10
1.4179064145025677e-08
7.801377877036941e-10
2.638108342889467e-10
9.807407663764423e-11
7.578805361063701e-10
7.176078065107561e-10
2.0611759521393935e-10
3.0301544606814446e-10
1.8455216521662265e-10
5.559097071561325e-10
1.3811067844926583e-09
8.356457192881805e-10
2.297857237820722e-09
8.286722003036928e-11
4.691548260993272e-10
5.610672482170287e-10
2.622161099363751e-10
1.5077979143018894e-10
5.96228399984966e-09
2.2901941454378516e-10
6.26340992959662e-11
2.3715571728644136e-09
2.030044798928543e-09
6.463575230597485e-10
5.096934679871268e-11
5.134049296806609e-10
1.480517652918678e-10
4.454957583388541e-11
6.426518206481546e-10
1.0254284921185075e-10
1.3048119029690497e-08
2.408764021577525e-10
9.250934462912141e-10
5.845592343511896e-10
1.0733840205556788e-10
1.8909589449833675e-09
3.458640665532364e-11
4.95063268157736e-10
4.237588890898536e-10
1.0937013517064997e-09
