4.457774982480345e-10
9.968394859560803e-11
1.7082099623699776e-10
2.86435763996451e-10
9.85891836918773e-12
1.458000664644743e-10
1.8862611472769686e-10
2.4635660178518037e-09
9.069469619760184e-10
3.187718145003515e-10
1.4457141039869725e-09
5.636322519819714e-10
7.410586588818546e-10
1.0558008634031779e-10
2.6626115201544565e-10
3.826041150567505e-10
8.198892953448222e-11
3.7329786484185945e-10
1.481398198555084e-10
1.4728761266180612e-10
1.8806063650789184e-10
5.362093546956714e-10
4.00123323363033e-10
2.5087454336159e-10
2.0047918880550242e-10
2.599762627397695e-10
2.0484405838239184e-11
2.8458051470892087e-09
3.692827710288782e-10
1.1038561037457484e-10
3.1410898881922833e-10
4.524745023104515e-10
1.2168623053643302e-10
1.5361972804939228e-10
7.619430641980784e-10
1.0405684647274427e-10
4.732547131958142e-10
3.1638608399831014e-10
2.737371440630909e-10
5.703998939843302e-10
8.401982443118072e-10
5.111628481602182e-11
1.0632319330516893e-10
4.604895909032791e-10
1.7508443306279986e-10
3.068904019798424e-10
1.1546085199043432e-09
2.0561010671826807e-09
1.5105275363858084e-10
2.7282502923497987e-09
7.048103767282043e-11
2.793914405385678e-11
6.13342043820353e-10
2.995379638770501e-11
5.7736204706060335e-11
2.0054970184535392e-10
1.1403422650602124e-10
5.231620692214278e-11
1.7732548762694478e-09
3.984433061265946e-10
1.2454484665802568e-10
1.6933547619668587e-10
1.1294811752549094e-09
5.729724472658404e-10
5.638132738461366e-10
3.9868698620271203e-11
1.2917064640127762e-10
1.751775391412025e-10
2.0580026571792587e-10
2.930145903690118e-09
4.0456171745972824e-10
1.7324694456810619e-10
1.413050371157354e-10
6.63455956839698e-11
1.1329662763515103e-09
1.0128838046075117e-10
1.9520829397379202e-10
1.4289648353482676e-09
1.978557095938527e-09
5.09544628712888e-10
8.623471381419279e-11
8.325027472944058e-11
1.2067224997025505e-10
1.3949483235187188e-10
2.9521596278669904e-10
1.0153217155917105e-10
4.8850090639263044e-11
9.913156406859969e-11
1.5007505238529006e-09
6.954764542044245e-11
8.523515782066227e-10
1.7020469755824053e-10
5.927508484049326e-11
1.4462470110387926e-10
3.5978529183688934e-11
5.254943147292579e-10
1.256336978894268e-10
4.2174988501564314e-10
2.3978763419307825e-10
3.401981751860461e-10
4.664406638710261e-10
1.1672030009179934e-10
2.2929005916161316e-10
1.6000334390753324e-10
1.8766320442065165e-10
5.274351511097564e-10
4.3664075133342806e-10
5.172526851282555e-10
4.770651651497815e-10
4.102008316353434e-11
1.117864578681349e-09
1.6110732747876e-09
2.2272236832598935e-10
1.3658441044839265e-10
1.5908228068184371e-09
1.8273632607090917e-10
6.69225924676553e-11
5.009603842864863e-10
3.542045545756878e-10
5.547530212979268e-10
2.3146248806504843e-10
3.424729388967762e-10
6.217872328129204e-10
9.266030304155848e-11
1.1618984940842125e-10
4.4675811661232245e-11
7.81751052780777e-11
2.950664990120089e-10
3.562358741326932e-11
2.0235871311946596e-10
8.910745474821624e-10
2.7910435074218753e-10
5.233614236432871e-11
1.5145773524238848e-10
2.5606070042094586e-10
4.349661603120225e-11
9.801796041486455e-10
7.021368902959679e-11
9.152029134540385e-10
1.0150079388093758e-10
2.4801991016509817e-10
3.771058465495969e-11
3.5887601917972134e-11
1.5443160639172504e-10
1.423292317337399e-10
1.2027431273153866e-09
2.1025708951682986e-10
7.281678732207197e-11
2.395990905679213e-10
2.127521492312212e-10
5.977415784563789e-11
3.9993688916162284e-11
1.9056251021609683e-10
6.904268129437341e-11
2.9539407031542453e-10
2.422097244991761e-10
3.80441955716293e-10
3.322204178424215e-10
4.6927847024980096e-11
1.3829298817213953e-10
8.11389427868292e-11
6.203827451756183e-10
8.804550144514423e-11
8.852955590832323e-10
2.5218728147424763e-11
9.68813362867138e-11
6.739433455749122e-10
8.238109500124935e-11
1.6981202222154934e-08
5.825512294777013e-10
3.6276620596353837e-10
2.071155399963054e-11
4.256133223634606e-10
1.0657459359464383e-09
1.3464821480013711e-09
5.489102575251259e-11
7.042689764702459e-10
1.3850491586975267e-10
6.300143046145124e-11
6.160327803428345e-10
1.281922623608267e-10
3.867750009156623e-10
1.7374914007550757e-10
1.26985172377303e-10
3.7287467558044796e-10
9.672329603915841e-10
1.501368251943802e-09
1.146194944512402e-10
1.0406195904977267e-09
6.408066299812276e-10
6.907670269118427e-11
4.473488801615133e-10
3.788769992185692e-11
4.681977028297979e-10
1.8250433109212594e-10
2.4783256002969267e-10
2.9558927527872925e-10
7.977538629688752e-10
2.925742703663303e-10
1.1365974827981518e-10
4.3316419895411684e-10
1.445668723620841e-10
2.838400521565365e-11
6.106177230513765e-10
7.620184344636627e-11
8.445570631732124e-11
4.278872256513466e-10
1.3400132392593633e-10
4.0918567145720175e-11
1.5721499102561154e-10
1.0709985676093936e-10
2.0375168219288753e-10
9.712217141633062e-11
1.4661458158649054e-10
3.030648509927403e-10
8.745401625098737e-11
3.2754965406667225e-10
2.3478241573116065e-10
2.2637314245343987e-10
2.7333949340069275e-11
4.553507571003479e-11
3.824721789280616e-11
1.908192714950019e-09
8.871765821982791e-11
2.5689608773582506e-10
2.0902188313520753e-10
1.1737406602208011e-09
5.468104857797584e-10
6.119117990088796e-10
1.230905710691843e-09
3.259134073729797e-10
3.2832944696359334e-10
1.600135857149354e-10
5.365876631913125e-10
1.0341547063141832e-10
2.3930182280196277e-09
1.601287324959344e-09
1.8709840621244922e-10
1.191333282024587e-10
2.2913838881866155e-10
1.4837631123754136e-10
5.864386060094873e-11
9.224224162274197e-11
3.7741229585996905e-10
6.94958812719193e-11
6.762579385366507e-10
2.164270429538817e-10
1.2863633769288896e-10
2.668787135728934e-10
3.97006004460021e-11
2.4976953838518057e-10
2.0123538946315023e-10
3.06040082165282e-10
1.041467467821633e-09
1.7078119474156495e-10
2.122293174533496e-10
2.318147895863376e-09
7.317703110132356e-10
9.935478828548838e-11
8.469283607759337e-11
3.5345101845329907e-10
1.3040121066287824e-11
3.4365170431538417e-11
3.324525099657194e-10
2.0244304010930136e-09
4.878633053095882e-10
3.4116628966351925e-10
5.509993017405179e-10
2.786360031592494e-10
1.080329492531007e-09
4.048930635214276e-11
1.0124452665127848e-10
3.5194288455775435e-11
6.008512576372027e-10
1.1849263237273533e-10
1.7417501885219622e-09
2.971248524996639e-10
5.056395302460714e-10
7.360734244343803e-10
5.821612636403017e-11
9.335070216831554e-11
1.0229579683329604e-10
3.9213535196758187e-10
2.934618381633669e-10
5.003857883600915e-10
2.3070086119236777e-10
1.8445997507221534e-10
1.6386529910761283e-09
2.3174778762680148e-10
1.0707393305331436e-10
2.1025068352997778e-09
1.503131064062302e-09
3.614599175527644e-10
1.6853272943873066e-10
2.301123069869959e-09
9.086118524237463e-10
8.510512433668183e-11
3.5624697636293945e-10
3.113647534247477e-11
7.745080687904249e-10
1.8080971442291371e-10
1.942964011902859e-09
3.284213456744567e-10
1.8962298398150779e-10
2.6064090885569158e-09
3.211541865777434e-10
3.557770189566156e-10
1.2007939087510522e-10
2.8567331833428966e-10
2.4170104806486847e-10
8.162949205470227e-10
4.2738573791112344e-10
7.728015449792736e-11
3.1843104542073064e-11
1.1750242445707215e-10
1.955801354203146e-10
7.665875156881441e-10
2.791848974226241e-10
7.135156021575995e-09
5.192496432826488e-10
1.3302883794530374e-10
3.141640281256741e-10
4.562158428811358e-10
1.7843057587008104e-10
5.3246983211518994e-11
2.948297717075832e-10
8.756509406460111e-11
4.5135468279555724e-11
3.9948225283303884e-11
4.734597436328869e-11
3.7948588715863707e-10
1.3087684269663669e-09
4.966351774271516e-10
3.3472294380665346e-10
4.812694687217345e-11
1.389498238690834e-10
4.1744493278761396e-11
7.95290777677593e-10
2.014471478517521e-09
2.817321098635972e-10
4.184165514065086e-11
1.5321126312084488e-10
2.0046853066446602e-10
1.7900558813011003e-10
5.966450666861078e-10
2.328609527424419e-10
1.179059766487356e-10
8.256385158889046e-11
6.063567425940164e-10
4.987406043710507e-10
2.140618654555837e-10
6.119930673342822e-10
1.2830381201922592e-10
2.09943687434766e-10
4.436204736890659e-10
1.0819666274031192e-09
2.5792185054385186e-10
9.306654752405663e-11
8.672308704493759e-11
3.833034445399619e-10
1.0145106088543798e-08
5.54554069331914e-10
1.8749764241210443e-10
6.975434119205204e-11
5.384799828256348e-10
5.099216049408994e-10
1.473451222144817e-10
2.178264235652705e-10
1.33346833575132e-10
3.9525507866677856e-10
9.836630399107094e-10
5.951916182134198e-10
1.6345963471664504e-09
5.894964377750611e-11
3.437732598587928e-10
3.990159869182719e-10
1.9195064981936127e-10
1.073741165424913e-10
4.250823693041639e-09
1.638523761116062e-10
4.4659772407973364e-11
1.6871402053197926e-09
1.4441067230919202e-09
4.678685772141478e-10
3.723286956525129e-11
3.650051649817243e-10
1.0671961925279305e-10
3.182526811529307e-11
4.5676609716771566e-10
7.308742500100607e-11
9.332426387231862e-09
1.760934037475792e-10
6.579198297274047e-10
4.19917989269436e-10
7.658360751117144e-11
1.3454269920387674e-09
2.46538310599842e-11
3.5232466943924123e-10
3.014394289735378e-10
7.773249821596551e-10
