3.6712677342620736e-09
8.208629331818429e-10
1.4138320514334168e-09
2.346804306441186e-09
7.748295061116295e-11
1.1502647723204973e-09
1.5285307464196762e-09
1.9724922140085255e-08
7.397157997246495e-09
2.6244566520006174e-09
1.1714581305000138e-08
4.612867421371902e-09
6.021456222526922e-09
8.699633236020077e-10
2.1998336485751224e-09
3.1459990168514196e-09
6.777823302606123e-10
3.0493900737837976e-09
1.2127931992012009e-09
1.1603453753394888e-09
1.556228923504932e-09
4.392352259685595e-09
3.2719249531965033e-09
1.9954975449820722e-09
1.5064970382283605e-09
2.1483750334283513e-09
1.5773678196939755e-10
2.2706442948106087e-08
3.042057938884568e-09
9.135260881087959e-10
2.5911384149424066e-09
3.7141134612284077e-09
1.0051515175746317e-09
1.243446345888799e-09
6.164177168699325e-09
8.578592280983344e-10
3.870681997142356e-09
2.5930897429304878e-09
2.2052804027339334e-09
4.674430620354997e-09
6.867019397560625e-09
4.230805428218076e-10
8.664686745873951e-10
3.7319916046385515e-09
1.4060347330868694e-09
2.5285842308875317e-09
9.373755105457349e-09
1.620201217633621e-08
1.2412610939094293e-09
2.1794020810261827e-08
5.713616246794118e-10
2.260574505363877e-10
5.021692395246191e-09
2.435125712185737e-10
4.671164566261155e-10
1.4769074851983532e-09
9.39149424894481e-10
4.2555922674658575e-10
1.4279783577819671e-08
3.236842793796768e-09
1.0260653438010081e-09
1.4007813797789481e-09
9.191193584001667e-09
4.655595020608416e-09
4.624384430940154e-09
3.1442690118232974e-10
1.069665023223365e-09
1.4055463459783368e-09
1.702108010093184e-09
2.3361932832699495e-08
3.2679263739510134e-09
1.4276874127361339e-09
1.167382190914168e-09
5.480457754281076e-10
9.162400615991828e-09
8.325620748372842e-10
1.6022547733030024e-09
1.1556362089493177e-08
1.5925598617627656e-08
4.169846246071529e-09
6.758660853201093e-10
6.880964686928337e-10
9.751806029356658e-10
1.1416536604968996e-09
2.413663713340952e-09
8.204963375391117e-10
3.917252078267097e-10
8.074438895278035e-10
1.2147613581703354e-08
5.575990225104022e-10
6.958865483852605e-09
1.3747787352968999e-09
4.846977819106257e-10
1.1524772247639703e-09
2.9356744812858437e-10
4.296054179064868e-09
1.0211371748169995e-09
3.4499838541535155e-09
1.9792398830986713e-09
2.7010440550867543e-09
3.8021337189775295e-09
9.310756055036506e-10
1.8926773481808823e-09
1.2662096926518984e-09
1.5481387283244885e-09
4.231311301339247e-09
3.5906180251288333e-09
4.2431032021283954e-09
3.926091896033768e-09
3.0544844431545926e-10
9.093687580730148e-09
1.3027552370203921e-08
1.8264482148921957e-09
1.1252795362182155e-09
1.2760096090858042e-08
1.2894445511335562e-09
5.502610034291422e-10
4.077064907903605e-09
2.570371471222188e-09
4.558474486771047e-09
1.8954127156689538e-09
2.7665354451755775e-09
5.098264033165378e-09
7.674204605123691e-10
9.47338874013326e-10
3.6658315272219966e-10
6.09155281772189e-10
2.423355294212115e-09
2.8784771788359365e-10
1.6397360136366501e-09
7.229904674943555e-09
2.2913275721236914e-09
3.9566988574435413e-10
1.2511982561136392e-09
2.1153863105638493e-09
3.4979655283429167e-10
7.963517845155366e-09
5.798787006128236e-10
7.46763451076049e-09
7.886937769541191e-10
2.050107861251149e-09
2.929966824716246e-10
2.9330740614064155e-10
1.2767229495835863e-09
1.0930015781340785e-09
9.777470388883103e-09
1.6909607047921327e-09
5.942082381693581e-10
1.945413163895182e-09
1.7577203026419852e-09
4.897232064315915e-10
3.256623304359607e-10
1.5734125113908703e-09
5.427523985801486e-10
2.398808041093048e-09
1.9865986633504917e-09
3.1262796795772374e-09
2.7274311698022302e-09
3.8231645627107014e-10
1.1318304071750163e-09
6.327843804498912e-10
5.082688936397517e-09
7.272087931831095e-10
7.230366527721799e-09
1.995352771899661e-10
7.878733221389211e-10
5.525990776078515e-09
6.719829137580291e-10
1.2686277273132873e-07
4.752202631408409e-09
2.980950153386175e-09
1.7019885500957344e-10
3.4951936900284863e-09
8.623886493808186e-09
1.0906456182624424e-08
3.9936484674818473e-10
5.75193537244445e-09
1.1428885615671902e-09
5.177239192910577e-10
5.0370512205688556e-09
1.0551415297044286e-09
3.160235184651583e-09
1.387294945587314e-09
1.0413975237710815e-09
3.0729923050643038e-09
7.870362139783538e-09
1.2116727177158282e-08
9.404477196994776e-10
7.299590265574807e-09
5.24691401437849e-09
5.676032976964507e-10
3.678199966827833e-09
3.004710369403085e-10
3.850908480984572e-09
1.4838679174289382e-09
2.0360730879076527e-09
2.4400466092089346e-09
6.425754595085209e-09
2.409668464764536e-09
9.145189050485669e-10
3.5046803237293034e-09
1.193237175733941e-09
2.2254123543952176e-10
4.985046597738574e-09
6.24825802209017e-10
6.161468557586147e-10
3.421071870235437e-09
1.0994681831633102e-09
3.2790589687969884e-10
1.2880061461828518e-09
8.549039254290847e-10
1.657282200362431e-09
7.824257353128417e-10
1.1304593927619067e-09
2.4882866878073173e-09
7.239619459475932e-10
2.7023323578845293e-09
1.8730075268535984e-09
1.8689050307330035e-09
2.1074755829353364e-10
3.7571290523175094e-10
2.9468355533524004e-10
1.529785542686568e-08
7.178084238113058e-10
2.1209520806309e-09
1.7297207000055437e-09
9.519668608959364e-09
4.483685422940198e-09
5.01023400545364e-09
9.997906502690057e-09
2.684195310465043e-09
2.7036084482290335e-09
1.3215842864511274e-09
4.383370999505587e-09
8.421301989081087e-10
1.9181339183660384e-08
1.2946687277803903e-08
1.5429582056469826e-09
9.85057813096546e-10
1.883798894652955e-09
1.2018512851597052e-09
4.675344555948868e-10
7.586194450404093e-10
3.1069207206968485e-09
5.235109012957651e-10
5.516277656880675e-09
1.7526823326008412e-09
1.037998687003494e-09
1.9395973716029857e-09
3.180212482245537e-10
1.7582998390608395e-09
1.6508130418202427e-09
2.5050208574128874e-09
8.457559985686203e-09
1.4057860431293534e-09
1.7525525475292625e-09
1.8592205108802773e-08
5.959508886377307e-09
8.204448231907691e-10
6.937862506717352e-10
2.902251328151806e-09
1.0269306238708253e-10
2.803893228708887e-10
2.6729203295161597e-09
1.6280896630860298e-08
4.0040712967481795e-09
2.8118269934651607e-09
4.474531856146768e-09
2.279303190633186e-09
8.791358752091583e-09
3.127350600706791e-10
7.707329219286407e-10
2.893481287902233e-10
4.890662097523091e-09
9.599931960480035e-10
1.4060090869350006e-08
2.4497059936123833e-09
4.1126639871436055e-09
5.994216234483929e-09
4.7514447931718e-10
7.617174668794746e-10
8.389400285579995e-10
3.225259614936249e-09
2.3760127199068393e-09
4.086488036847413e-09
1.873828647802611e-09
1.5201091496663821e-09
1.311504504997174e-08
1.905826163550728e-09
8.704552079130679e-10
1.6864085239376436e-08
1.2140647598357646e-08
2.977760260591822e-09
1.380948022600137e-09
1.8397400936009944e-08
7.2967418773828285e-09
6.057629953204469e-10
2.9124707090488755e-09
2.2790323794819045e-10
6.331811519544317e-09
1.4822767457900454e-09
1.5640820194562366e-08
2.7014230852273613e-09
1.5659383789667913e-09
2.083372407923889e-08
2.648810504268795e-09
2.925581110702069e-09
9.916205634397102e-10
2.314161307026552e-09
1.9878736434719713e-09
6.6508585305768975e-09
3.465999487417548e-09
6.229971538651569e-10
2.4150031974201625e-10
9.658365218712106e-10
1.6039434225234572e-09
6.2721587923419975e-09
2.2825656920133497e-09
5.5297341816640255e-08
4.264377295726263e-09
1.1016803025398758e-09
2.4240787155349608e-09
3.7262162244644514e-09
1.4704714113022987e-09
4.350542703868143e-10
2.431171486350081e-09
6.545708974847742e-10
3.336873000137075e-10
3.179062013636269e-10
3.75738967717254e-10
3.1123312815850568e-09
1.0586930443423626e-08
3.9792156236728715e-09
2.665955900482686e-09
3.9115644057119425e-10
1.1287629719802794e-09
3.4523278680254066e-10
6.489628834316363e-09
1.6202806207843423e-08
2.3273074578611386e-09
3.332935594180242e-10
1.2668165405571585e-09
1.6461273455448122e-09
1.4776941892336026e-09
4.8914063910387995e-09
1.7582703071283845e-09
9.710054982292604e-10
5.817351045322994e-10
4.9784070199621056e-09
3.9889362923872795e-09
1.7049688327830381e-09
5.000043046266001e-09
1.0409332285021833e-09
1.7138571672958847e-09
3.557389938180222e-09
8.747910840156692e-09
1.9457160327363e-09
6.937963537012592e-10
7.002182722537498e-10
3.1280571466396623e-09
7.753414621447519e-08
4.548326160147553e-09
1.5491153915192513e-09
5.760404375720896e-10
4.4248142927472145e-09
4.190482627564052e-09
1.1910111785695676e-09
1.7172441246771086e-09
1.029385798823057e-09
3.247579094534103e-09
7.967129178609866e-09
4.8434483090886715e-09
1.3209395355318065e-08
4.86465978610795e-10
2.4566630951738944e-09
3.275448134942849e-09
1.383881786942709e-09
8.819901475831671e-10
3.353172672859728e-08
1.3195031733914675e-09
3.6509262280048915e-10
1.3624616101992615e-08
1.1690413082021678e-08
3.5585534519100293e-09
2.7254437595658487e-10
3.001516590828146e-09
8.332244894049268e-10
2.5796109692777236e-10
3.753843458298434e-09
5.985742457248477e-10
7.156336323532742e-08
1.2801223414626861e-09
5.378503864506001e-09
3.308842089211339e-09
6.246468897685986e-10
1.0895119473275372e-08
2.0137252976226705e-10
2.8869604484782485e-09
2.476633342851642e-09
6.358630511016372e-09
